   13     2
    5     4
    3     8
    5    10
   12    15
   13    18
   14    20
   14    22
   13    24
   11    27
   12    29
   14    32
   11    34
    9    37
   10    40
   13    42
   11    45
   13    48
   11    50
   12    53
   14    57
   22    59
   16    62
   14    66
   13    68
   12    71
   11    73
   11    76
   10    79
   15    81
   22    85
   26    87
   12    90
    7    92
   10    94
    9    97
    5   101
    4   104
    6   107
   10   110
   11   112
   14   114
   20   117
   20   119
   19   122
   18   124
   17   126
   19   129
   15   132
   22   134
   15   137
   16   140
   15   143
   14   145
   15   148
   17   151
   12   154
   18   157
   20   159
   13   161
   23   163
   13   165
   16   168
   14   171
   15   173
   17   176
   14   178
   10   181
   15   183
   18   185
   16   188
   16   190
   16   193
   15   196
   18   198
   16   201
   19   203
   15   206
   16   208
   16   211
   15   213
   16   216
   16   219
   23   222
   15   224
   18   226
   21   229
   15   231
   13   234
    3   237
   20   240
   14   243
   17   245
   12   248
   13   251
   14   254
   15   256
   16   259
   15   261
   18   264
   18   266
   17   269
   17   271
   16   273
   15   276
   17   279
   18   281
   19   284
   16   286
   16   289
   17   292
   19   294
   15   296
   16   299
   17   301
   17   304
   17   306
   18   309
   20   311
   28   314
   24   316
   22   318
   23   320
   24   322
   18   324
   17   326
   19   329
   18   331
   24   334
   12   336
   22   339
   15   341
   17   343
   20   345
   19   347
   20   349
   21   351
   39   354
   24   357
   17   359
   17   361
   19   363
   17   365
   18   368
   21   370
   18   372
   18   375
   16   377
   17   380
   19   382
   19   384
   26   387
   35   389
   20   392
   19   394
   24   397
   27   399
   30   401
   27   404
   27   405
   23   408
   20   410
   20   413
   24   414
   21   416
   40   419
   22   421
   17   423
   21   425
   21   427
   32   429
   29   431
   23   434
   38   437
    9   440
   16   442
   19   444
   20   447
   18   450
   28   452
   19   455
   22   457
   25   459
   27   461
   23   464
   30   466
   26   469
   32   471
   31   473
   23   477
   40   479
   33   480
   27   482
   27   485
   28   487
   36   489
   33   491
   42   493
   21   495
   25   497
   25   498
   30   500
   24   503
   21   505
   21   507
   24   509
   29   511
   24   513
   28   515
   36   517
   31   519
   36   522
   29   524
   22   526
   25   528
   24   530
   25   532
   25   534
   26   536
   30   538
   32   540
   35   542
   44   544
   39   545
   38   547
   41   549
   43   551
   42   553
   42   554
   28   557
   29   558
   33   560
   47   562
   38   564
   25   567
   36   568
   30   570
   32   572
   29   574
   36   576
   29   578
   37   580
   43   583
   29   586
   29   588
   30   590
   30   591
   30   594
   32   596
   33   598
   32   600
   34   601
   36   603
   42   605
   31   607
   37   609
   34   611
   37   613
   38   614
   40   617
   28   619
   33   621
   36   623
   35   625
   31   627
   33   629
   34   631
   33   633
   34   635
   39   637
   37   640
   37   642
   41   643
   40   645
   42   647
   42   649
   36   651
   41   653
   40   655
   45   657
   48   659
   42   660
   44   662
   40   664
   48   665
   38   667
   45   669
   38   671
   42   673
   54   674
   60   676
   40   677
   39   679
   45   681
   33   683
   34   685
   38   687
   29   689
   33   690
   42   692
   42   694
   40   695
   42   697
   40   699
   40   701
   42   703
   47   704
   44   706
   44   708
   45   710
   42   712
   43   714
   36   716
   43   718
   44   720
   47   721
   41   723
   46   725
   51   727
   47   729
   46   731
   47   733
   48   734
   46   736
   56   738
   49   739
   53   741
   54   743
   50   744
   54   745
   46   747
   48   749
   45   751
   43   753
   46   755
   48   757
   50   758
   42   761
   43   762
   47   764
   55   765
   52   767
   50   768
   54   770
   48   772
   47   773
   57   775
   56   776
   52   779
   47   781
   55   782
   49   784
   52   785
   55   787
   59   788
   52   790
   50   792
   56   793
   57   795
   55   796
   55   798
   53   799
   52   801
   57   802
   46   804
   53   805
   54   807
   60   808
   63   809
   64   811
   60   812
   59   814
   57   815
   56   817
   56   818
   59   819
   61   821
   68   822
   59   824
   62   825
   32   827
   75   828
   62   830
   64   831
   63   833
   65   834
   60   836
   59   837
   59   839
   60   840
   66   842
   57   843
   63   845
   61   846
   63   847
   62   849
   67   850
   68   851
   74   852
   69   854
   69   855
   68   856
   70   858
   64   859
   70   861
   66   862
   67   863
   61   865
   47   867
   63   868
   64   870
   58   871
   56   872
   59   874
   57   875
   61   876
   62   878
   64   879
   54   880
   54   882
   52   883
   57   885
   50   886
   50   888
   42   890
   41   892
   36   893
   37   895
   36   897
   44   898
   45   900
   46   902
   40   904
   44   906
   44   907
   45   909
   41   911
   43   912
   46   914
   42   916
   45   917
   42   919
   40   921
   42   922
   39   924
   40   926
   45   927
   46   928
   43   930
   52   932
   52   933
   51   935
   48   936
   46   938
   46   939
   38   941
   41   942
   44   944
   37   945
   32   947
   35   949
   35   950
   32   952
   27   954
   33   955
   33   957
   28   959
   34   961
   31   963
   32   965
   32   966
   34   969
   33   971
   30   972
   32   974
   36   976
   30   978
   37   980
   29   982
   36   983
   29   986
   28   987
   27   989
   29   991
   30   993
   27   995
   30   997
   25   999
   29  1001
   30  1002
   35  1004
   38  1006
   33  1008
   31  1009
   29  1011
   27  1013
   29  1015
   26  1017
   27  1019
   26  1020
   26  1022
   27  1024
   33  1026
   29  1027
   27  1029
   30  1031
   29  1033
   30  1034
   33  1036
   30  1038
   24  1040
   30  1042
   24  1044
   26  1045
   24  1047
   25  1049
   34  1051
   47  1053
   35  1055
   28  1057
   30  1058
   27  1060
   26  1062
   21  1064
   22  1066
   28  1067
   21  1070
   25  1071
   27  1073
   23  1075
   27  1077
   24  1079
   25  1081
   25  1083
   23  1085
   27  1087
   27  1089
   23  1091
   25  1093
   25  1094
   24  1096
   25  1098
   24  1100
   26  1102
   24  1104
   23  1106
   27  1108
   23  1110
   22  1112
   26  1114
   25  1115
   22  1118
   23  1120
   24  1121
   27  1123
   23  1125
   23  1127
   23  1129
   25  1131
   23  1133
   27  1135
   24  1137
   23  1139
   24  1141
   24  1143
   27  1145
   22  1147
   25  1149
   26  1150
   26  1152
   26  1154
   20  1157
   48  1158
   39  1160
   22  1163
   22  1164
   20  1167
   18  1169
   17  1170
   26  1172
   28  1174
   26  1176
   26  1178
   24  1180
   24  1182
   24  1184
   19  1185
   21  1187
   18  1189
   16  1192
   20  1194
   32  1196
   18  1198
