   11     2
   11     5
   12     8
   12    12
   14    15
    5    20
    9    25
    7    29
    7    31
    9    34
   10    37
    9    40
   10    43
   10    47
   10    50
    9    53
   10    56
   15    59
   12    63
   13    65
   13    69
   10    72
   12    75
   11    78
   11    81
   11    85
    9    87
   12    90
   10    94
    7    96
    8    99
    6   102
   12   104
   10   108
    9   111
    9   114
   12   117
   14   119
   11   122
   15   126
   14   128
   14   131
   14   134
   11   138
   11   140
   11   143
   13   146
   15   149
   13   152
   14   155
   15   158
   14   161
   15   164
   15   167
   14   169
   15   172
   16   175
   15   178
   16   181
   14   185
   15   187
   15   190
   17   193
   18   196
   16   199
   14   202
   16   205
   17   207
   17   211
   14   214
   16   216
   15   219
   15   222
   18   225
   18   228
   16   232
   18   235
   15   238
   17   240
   17   244
   16   247
   17   249
   19   252
   20   255
   21   258
   20   261
   17   265
   12   268
   17   271
   18   274
   16   277
   17   279
   16   282
   16   285
   16   288
   19   291
   18   294
   17   297
   16   299
   17   302
   17   305
   18   308
   18   311
   19   314
   17   317
   17   320
   17   323
   13   325
   20   327
   21   333
   16   336
   19   339
   15   341
   20   344
   19   346
   15   350
   20   353
   18   356
   17   359
   19   361
   17   364
   21   367
   19   369
   17   372
   21   375
   20   378
   19   381
   21   384
   19   387
   18   390
   21   393
   21   396
   19   399
   20   402
   21   405
   21   408
   22   411
   22   414
   22   417
   21   419
   23   422
   22   424
   17   427
   21   430
   19   433
   21   435
   21   438
   23   441
   23   444
   18   447
   23   450
   26   453
   16   457
   19   461
   20   464
   24   467
   24   470
   22   472
   24   475
   23   478
   26   481
   23   483
   23   486
   25   489
   24   491
   24   494
   22   497
   21   500
   23   503
   24   505
   25   509
   20   514
   18   516
   22   519
    9   521
   64   523
   14   526
   22   530
   25   533
   26   535
   26   539
   24   542
   28   544
   30   546
   31   549
   27   552
   26   554
   26   557
   26   560
   26   563
   28   565
   28   568
   27   570
   27   573
   26   576
   29   578
   26   581
   30   583
   28   586
   29   589
   28   591
   30   594
   34   597
   30   599
   29   602
   33   604
   30   607
   29   609
   32   611
   32   614
   27   617
   33   619
   30   622
   29   625
   27   628
   31   630
   30   633
   28   636
   28   639
   25   642
   29   644
   29   647
   28   650
   30   652
   31   655
   27   658
   26   663
   24   666
   33   669
   37   671
   35   674
   33   677
   33   679
   32   682
   28   684
   29   687
   27   691
   26   696
   36   698
   39   700
   34   703
   38   705
   40   707
   38   710
   37   712
   38   715
   36   717
   37   719
   39   721
   39   724
   33   727
   36   729
   34   731
   39   733
   38   736
   37   738
   38   740
   45   742
   37   744
   35   747
   39   749
   35   752
   36   754
   34   757
   36   759
   39   762
   33   764
   37   767
   37   770
   32   773
   40   775
   35   778
   37   781
   41   783
   38   786
   40   788
   43   790
   42   792
   41   795
   44   797
   43   799
   39   802
   41   805
   36   808
   41   810
   41   813
   45   815
   42   817
   44   819
   40   822
   40   825
   41   827
   47   829
   44   832
   42   834
   43   836
   44   839
   41   841
   44   843
   45   846
   44   848
   46   850
   47   852
   45   855
   46   857
   53   859
   47   861
   45   864
   45   866
   52   868
   48   870
   46   872
   54   874
   56   876
   52   878
   48   881
   50   883
   50   885
   50   887
   50   890
   48   892
   47   894
   55   896
   49   898
   55   901
   49   903
   49   905
   49   908
   49   910
   55   912
   48   914
   50   916
   53   918
   51   920
   55   922
   55   924
   52   926
   54   928
   57   930
   50   933
   52   935
   53   937
   57   939
   56   942
   61   944
   60   946
   61   948
   58   950
   59   952
   58   954
   59   956
   62   958
   63   959
   62   961
   62   963
   61   965
   59   967
   63   969
   62   971
   61   973
   61   975
   57   977
   51   979
   41   983
   61   985
   59   987
   68   988
   63   990
   60   992
   58   995
   60   997
   59   999
   64  1001
   54  1003
   62  1005
   60  1007
   63  1009
   64  1011
   66  1013
   64  1015
   67  1018
   69  1019
   63  1021
   55  1023
   64  1025
   66  1026
   57  1028
   65  1031
   68  1032
   66  1034
   75  1036
   67  1038
   68  1040
   67  1042
   63  1044
   64  1045
   68  1047
   61  1050
   65  1052
   71  1054
   76  1055
   74  1057
   83  1059
   75  1061
   75  1062
   70  1064
   72  1066
   79  1068
   69  1070
   68  1072
   68  1074
   76  1075
   78  1077
   72  1079
   69  1080
   55  1083
   59  1084
   67  1086
   65  1088
   48  1090
   64  1092
   57  1095
   63  1096
   59  1099
   53  1101
   54  1104
   54  1106
   60  1108
   62  1110
   55  1112
   58  1114
   56  1116
   58  1118
   56  1121
   51  1124
   56  1126
   47  1128
   50  1131
   55  1133
   49  1135
   48  1138
   51  1140
   46  1142
   47  1145
   51  1147
   45  1149
   43  1152
   43  1154
   47  1156
   49  1160
   40  1162
   50  1164
   53  1166
   50  1168
   47  1171
   47  1173
   42  1175
   47  1177
   48  1179
   46  1181
   40  1183
   43  1186
   43  1188
   44  1190
   41  1192
   42  1195
   43  1197
   41  1199
   35  1202
   35  1205
   38  1207
   35  1209
   38  1211
   38  1214
   36  1216
   37  1219
   35  1221
   35  1224
   36  1227
   39  1229
   37  1232
   33  1235
   34  1237
   22  1241
   34  1244
   41  1246
   35  1248
   35  1251
   36  1253
   35  1256
   35  1258
   34  1261
   33  1264
   31  1267
   33  1270
   34  1272
   35  1275
   34  1277
   32  1280
   34  1282
   33  1285
   35  1288
   30  1290
   32  1293
   34  1295
   33  1297
   29  1300
   34  1303
   32  1305
   31  1308
   30  1310
   32  1313
   33  1315
   31  1318
   30  1320
   31  1323
   32  1325
   32  1328
   30  1330
   30  1333
   28  1336
   29  1339
   28  1341
   32  1344
   26  1346
   30  1349
   29  1352
   30  1354
   36  1356
   30  1359
   28  1361
   28  1364
   29  1366
   28  1369
   27  1371
   30  1374
   31  1376
   27  1379
   28  1381
   27  1384
   28  1387
   26  1389
   13  1395
   28  1397
   27  1400
   25  1403
   25  1406
   27  1409
   25  1411
   31  1414
   28  1416
   28  1419
   27  1422
   28  1424
   29  1427
   27  1429
