   10     3
   10     6
   10     9
   10    12
    6    16
    9    20
    9    23
   10    26
   11    29
   10    32
   10    36
    9    39
   10    42
   10    45
   10    48
    9    51
   10    55
    9    58
   10    61
    9    64
   10    67
   10    70
    7    74
    9    78
    7    81
    8    84
    9    88
   10    91
    9    95
   10    98
   10   101
   10   104
   11   108
   11   111
   10   114
   10   117
   14   120
   12   123
   12   125
   13   128
   13   131
   13   133
   13   136
   17   139
   12   141
   15   144
   15   147
   15   149
   14   152
   14   154
   14   157
   16   160
   15   162
   13   165
   18   167
   16   170
   16   172
   15   174
   15   177
   16   179
   18   182
   17   184
   16   187
   17   189
   16   192
   16   194
   17   197
   19   199
   16   202
   19   204
   17   206
   16   209
   16   211
   17   214
   19   216
   18   218
   19   221
   16   223
   17   225
   16   228
   18   230
   19   232
   21   235
   17   237
    7   240
   18   243
   18   245
   20   248
   20   250
   21   252
   21   255
   20   257
   19   259
   18   262
   20   264
   18   266
   20   269
   20   271
   18   273
   17   276
   16   278
   20   280
   20   283
   19   285
   20   288
   17   290
   20   292
   19   294
   18   297
   19   299
   17   301
   18   304
   14   307
   20   309
   17   311
   20   313
   19   315
   18   318
   19   320
   16   323
   19   325
   19   327
   22   329
   21   332
   21   334
   20   336
   12   339
   15   341
   18   343
   12   346
   20   348
   21   350
   14   353
   21   355
   23   357
   15   360
   21   362
   23   364
   22   365
   22   368
   22   370
   21   372
   23   374
   22   376
   24   378
   23   380
   24   382
   17   385
   21   387
   22   389
   22   391
   21   393
   19   395
   20   398
   22   400
   21   402
   22   404
   21   406
   22   408
   22   410
   23   412
   23   414
   24   416
   15   419
   26   421
   23   423
   25   425
   16   428
   23   430
   23   432
   24   434
   25   436
   25   438
   25   440
   19   442
   24   444
   21   446
   25   448
   20   450
   20   452
   19   454
   24   456
   22   458
   23   460
   28   462
   27   464
   26   466
   26   468
   16   470
   21   473
   25   475
   25   476
   26   478
   23   480
   16   483
   24   484
   16   486
   26   488
   28   490
   30   492
   30   494
   27   496
   28   497
   25   499
   27   501
   15   504
   29   506
   31   508
   29   510
   31   512
   28   514
   27   516
   27   518
   30   520
   28   522
   28   523
   26   525
   27   527
   29   529
   28   531
   29   533
   30   535
   28   537
   28   539
   30   541
   29   543
   30   545
   28   547
   28   548
   29   550
   22   553
   31   554
   30   556
   31   558
   30   560
   29   562
   31   564
   28   566
   33   567
   25   569
   34   571
   32   572
   28   573
   34   575
   34   577
   32   579
   24   581
   32   583
   31   584
   31   586
   32   588
   35   590
   29   592
   26   594
   32   596
   34   598
   33   599
   26   601
   27   603
   35   605
   32   607
   36   609
   35   610
   36   612
   31   614
   34   616
   34   617
   33   619
   35   621
   18   624
   36   625
   36   627
   35   629
   31   631
   33   633
   36   634
   36   636
   37   638
   33   640
   37   641
   37   643
   38   645
   26   647
   38   648
   37   650
   36   652
   36   654
   37   655
   37   657
   39   659
   38   661
   38   662
   38   664
   38   666
   37   667
   36   669
   37   671
   37   673
   37   674
   40   676
   33   678
   35   680
   28   682
   37   684
   40   685
   40   687
   41   688
   40   690
   37   692
   37   694
   38   695
   41   697
   36   699
   37   700
   38   702
   37   704
   35   706
   38   708
   35   709
   40   711
   35   713
   38   714
   31   716
   43   718
   44   719
   42   721
   42   723
   39   724
   42   726
   38   728
   42   729
   42   731
   42   732
   42   734
   35   736
   41   738
   37   739
   39   741
   30   743
   40   745
   42   746
   41   748
   38   750
   42   752
   41   753
   31   755
   42   757
   39   759
   40   760
   40   762
   42   764
   41   765
   45   767
   43   769
   45   770
   43   772
   43   774
   45   775
   48   777
   41   778
   38   780
   45   782
   45   783
   44   785
   44   786
   45   788
   44   790
   41   791
   43   793
   43   795
   43   796
   44   798
   44   799
   43   801
   44   803
   42   804
   45   806
   42   807
   48   809
   47   810
   36   812
   49   814
   43   815
   47   817
   42   819
   44   820
   44   822
   45   823
   47   825
   44   826
   39   828
   44   830
   46   831
   35   833
   46   835
   48   836
   49   838
   52   839
   53   841
   53   842
   54   844
   45   845
   38   847
   49   849
   49   850
   51   852
   47   853
   52   855
   34   856
   55   858
   53   859
   51   861
   50   862
   55   864
   51   865
   49   867
   55   868
   46   869
   50   871
   54   872
   51   874
   40   876
   54   877
   52   878
   49   880
   49   882
   55   883
   54   884
   54   886
   54   887
   53   889
   53   890
   51   891
   52   893
   52   894
   52   896
   53   897
   56   898
   59   900
   52   901
   54   902
   51   904
   49   905
   50   907
   49   908
   52   910
   51   911
   52   913
   45   914
   47   916
   44   918
   49   919
   51   921
   48   922
   45   924
   44   925
   48   927
   42   929
   31   931
   39   933
   49   934
   46   936
   49   937
   49   939
   37   941
   44   943
   47   944
   45   946
   46   948
   45   949
   45   951
   42   953
   43   955
   42   956
   42   958
   45   960
   47   961
   45   963
   45   964
   42   966
   42   968
   42   970
   39   971
   37   973
   40   975
   30   977
   39   979
   38   981
   39   982
   40   984
   40   986
   39   987
   38   989
   38   991
   39   993
   39   994
   36   996
   36   998
   35   999
   35  1001
   36  1003
   38  1005
   36  1007
   36  1008
   37  1010
   37  1012
   35  1014
   33  1015
   36  1017
   36  1019
   36  1021
   35  1022
   33  1024
   36  1026
   34  1028
   35  1029
   25  1032
   35  1033
   34  1035
   34  1037
   33  1039
   32  1040
   35  1042
   36  1044
   36  1046
   32  1047
   33  1049
   32  1051
   31  1053
   17  1055
   33  1057
   31  1059
   30  1061
   31  1063
   30  1065
   31  1067
   28  1068
   32  1070
   33  1072
   31  1074
   31  1075
   32  1077
   32  1079
   30  1081
   30  1083
   30  1085
   29  1086
   29  1088
   29  1090
   29  1092
   29  1094
   28  1095
   26  1097
   29  1099
   28  1101
   30  1103
   29  1105
   29  1106
   32  1108
   29  1110
   29  1112
   26  1114
   27  1116
   26  1118
   23  1120
   23  1122
   24  1124
   23  1126
   30  1127
   28  1129
   28  1131
   26  1133
   28  1135
   29  1137
   30  1138
   33  1140
   30  1142
   28  1144
   26  1146
   29  1148
   19  1150
   24  1153
   27  1154
   27  1156
   29  1158
   27  1160
   29  1162
   30  1164
   27  1166
   28  1167
   30  1169
   28  1171
   27  1173
   26  1175
   26  1177
   26  1178
   26  1180
   28  1182
   26  1184
   17  1187
   25  1189
   24  1191
   26  1193
   27  1195
   24  1197
   26  1199
   25  1201
   25  1203
   26  1205
   23  1207
   25  1209
   23  1211
   25  1213
   25  1215
   25  1217
   17  1219
   24  1221
   25  1223
   23  1225
   24  1227
   24  1229
   24  1231
   24  1233
   25  1235
   26  1237
   24  1239
   23  1241
   22  1243
   24  1245
   24  1247
   25  1249
   23  1251
   27  1253
   26  1255
   24  1257
   23  1259
