    9     4
    7     7
    5    10
    6    13
   11    18
   13    21
   12    25
   15    29
   15    31
    4    34
   19    38
    7    41
    6    44
    8    48
    8    51
   11    55
    7    58
   11    61
   12    64
   13    68
   14    72
    6    78
    9    82
    7    86
   10    89
   11    92
   11    96
   15   101
    8   104
    8   108
    4   110
    9   114
    7   116
   27   121
    7   122
   10   125
   11   128
   11   130
   13   134
   19   138
   18   142
   16   145
   16   149
   14   151
   17   155
   15   159
   20   162
   29   167
    6   172
   13   175
   15   179
   15   183
   16   186
   17   190
   15   192
   15   195
   15   198
   18   201
   19   205
   17   208
   17   211
   17   214
   10   217
   17   223
   18   227
   17   230
   19   233
   16   236
   22   240
   14   242
   17   245
   15   247
   15   250
   17   254
   19   257
   17   260
   19   262
   11   265
   19   268
   18   272
   21   275
   16   278
   16   281
   16   284
   13   286
   15   289
   19   292
   24   296
   19   299
   20   302
   19   305
   16   308
   16   310
   14   313
   12   316
   15   318
   19   322
   25   326
   16   330
   16   332
   18   335
   17   338
   18   341
   10   344
   30   351
   22   353
   16   355
   24   359
   15   361
   19   364
   18   366
   20   369
   20   372
    7   375
   23   381
   20   384
   20   387
   22   391
   20   394
   19   398
   19   400
   20   403
   20   406
   20   409
   21   412
   23   415
   26   419
   20   422
   20   425
   18   428
   19   430
   19   433
   21   436
   20   440
   26   443
   24   446
   21   449
   21   453
   23   457
   25   460
   22   463
   22   466
   22   470
   22   473
   23   476
   22   479
   22   482
   19   485
   27   489
   25   492
   22   496
   20   499
   20   504
   25   508
   25   511
   23   514
   22   517
   23   520
   26   523
   25   526
   15   529
   32   533
   24   536
   25   539
   27   542
   26   545
   25   548
   25   552
   27   555
   28   558
   28   561
   27   564
   19   567
   28   572
   29   575
   28   578
   29   581
   29   585
   29   588
   28   591
   28   594
   34   598
   34   602
   33   605
   29   608
   29   611
   29   614
   28   616
   33   619
   32   622
   34   625
   36   628
   32   631
   33   634
   32   637
   32   640
   29   643
   31   646
   36   650
   30   652
   28   656
   39   658
   32   661
   39   665
   28   668
   26   671
   32   674
   32   677
   37   680
   38   683
   36   686
   38   689
   38   691
   39   694
   38   697
   39   699
   40   702
   36   705
   33   708
   35   711
   36   714
   37   718
   36   720
   41   723
   41   726
   40   729
   37   732
   41   735
   35   738
   36   740
   37   743
   40   746
   39   749
   39   752
   38   755
   40   757
   37   760
   41   763
   41   766
   39   769
   38   771
   42   774
   47   777
   42   779
   43   782
   41   784
   43   787
   40   790
   45   792
   43   795
   46   798
   44   800
   44   803
   46   805
   47   807
   42   810
   43   812
   44   815
   42   818
   42   820
   43   824
   41   826
   43   829
   39   831
   44   834
   51   836
   47   839
   43   842
   50   844
   49   846
   50   849
   48   852
   49   854
   50   856
   51   859
   52   861
   49   864
   50   866
   48   869
   50   871
   36   873
   52   875
   52   876
   55   879
   53   881
   53   883
   54   886
   53   888
   52   890
   50   893
   40   896
   42   897
   59   899
   55   902
   62   903
   59   905
   56   908
   55   910
   50   912
   55   914
   49   916
   60   918
   59   920
   56   922
   57   924
   52   927
   47   930
   46   932
   55   934
   60   936
   60   938
   57   940
   31   941
   59   943
   52   946
   60   948
   30   949
   56   950
   66   951
   64   953
   63   955
   64   957
   68   959
   45   959
   41   960
   60   961
   61   964
   61   966
   56   968
   45   971
   53   973
   58   975
   58   977
   57   979
   65   981
   63   983
   69   984
   49   986
   60   988
   70   989
   60   992
   60   993
   61   995
   62   997
   62   999
   57  1001
   58  1003
   64  1005
   57  1006
   61  1008
   55  1010
   59  1012
   63  1014
   37  1014
   65  1016
   64  1017
   58  1019
   62  1021
   58  1023
   59  1026
   53  1028
   42  1031
   50  1033
   42  1037
   59  1038
   57  1041
   61  1043
   57  1045
   58  1047
   53  1050
   51  1052
   53  1055
   53  1057
   54  1059
   46  1062
   43  1065
   52  1067
   54  1069
   45  1072
   47  1075
   43  1077
   44  1080
   46  1083
   50  1085
   51  1088
   56  1090
   49  1093
   49  1095
   50  1098
   46  1100
   49  1102
   47  1105
   39  1108
   51  1111
   46  1114
   45  1116
   46  1119
   46  1122
   46  1124
   49  1128
   43  1130
   40  1132
   31  1135
   46  1137
   45  1139
   44  1142
   44  1144
   43  1147
   42  1149
   43  1152
   40  1154
   38  1157
   34  1159
   45  1161
   39  1164
   44  1166
   44  1169
   41  1171
   38  1174
   41  1177
   39  1179
   40  1182
   41  1184
   40  1187
   42  1189
   39  1192
   37  1195
   37  1198
   36  1200
   35  1203
   37  1206
   35  1208
   34  1211
   35  1214
   34  1217
   36  1219
   38  1221
   40  1225
   37  1227
   35  1230
   34  1233
   37  1235
   34  1238
   36  1240
   36  1243
   29  1246
   37  1248
   36  1251
   35  1254
   35  1256
   34  1259
   31  1262
   32  1264
   32  1267
   29  1269
   30  1272
   35  1275
   35  1282
   27  1286
   28  1289
   31  1292
   31  1295
   32  1297
   32  1300
   30  1302
   31  1305
   31  1307
   34  1310
   30  1312
   32  1315
   30  1317
   32  1320
   31  1322
   31  1324
   31  1327
   29  1329
   31  1332
   30  1334
   31  1337
   31  1339
   32  1341
   32  1344
   27  1346
   25  1348
   32  1350
   40  1354
   25  1357
   25  1360
   27  1362
   26  1364
   23  1367
   25  1371
   27  1374
