   19     1
    8     5
   10     7
    9    10
   13    14
   13    18
   10    21
   12    23
   12    26
   13    30
    8    33
   10    36
   20    41
   10    45
    7    49
    8    53
   12    57
    9    60
   12    65
   11    68
   12    72
    8    76
   10    80
   10    83
    9    86
    9    90
   23    93
   19    96
   14    99
   11   103
   10   106
    7   109
   15   113
   13   117
   19   121
    9   124
   15   128
   15   131
   20   135
   18   138
   15   141
   15   144
   18   148
   15   151
   21   154
   19   158
   20   161
   19   165
   20   168
   21   171
   18   175
   19   179
   14   184
   20   187
    8   191
   26   195
   23   199
   22   202
   18   206
   22   209
   20   212
   21   215
   18   219
   23   222
   20   226
   25   229
   25   232
   22   235
   22   238
   19   242
   14   245
   23   248
   17   251
   18   255
   21   258
   16   261
   21   264
   21   267
   16   270
   24   273
   24   277
   21   280
   22   283
   23   286
   20   290
   19   293
   17   297
   20   301
   21   303
   27   306
   22   309
   27   312
   24   316
   20   319
   22   322
   21   326
   18   329
   20   332
   19   336
   17   339
   23   344
   17   347
   16   350
   19   353
   20   356
   24   359
   18   362
   22   365
   21   369
   23   371
   25   374
   26   378
   28   380
   26   383
   16   387
   24   390
   18   394
   22   397
   19   400
   28   403
   21   406
   20   409
   23   412
   21   415
   23   418
   21   421
   19   424
   27   427
   19   431
   25   434
   25   437
   26   440
   21   443
   22   445
   24   448
   25   450
   23   454
   25   458
   29   461
   27   464
   27   467
   29   470
   28   473
   24   475
   22   478
   35   481
   27   484
   24   486
   25   489
   26   492
   30   495
   29   498
   23   501
   25   503
   23   506
   18   508
   37   511
   26   515
   26   518
   31   520
   29   525
   31   528
   25   530
   30   533
   32   535
   27   538
   29   541
   26   544
   27   546
   32   549
   29   552
   24   556
   33   558
   32   561
   29   564
   35   567
   29   570
   26   573
   33   575
   28   578
   33   581
   35   583
   35   587
   32   590
   36   593
   33   595
   30   598
   34   601
   29   603
   34   607
   38   610
   33   612
   33   615
   36   618
   31   621
   36   623
   29   626
   39   629
   33   632
   41   635
   33   638
   42   641
   39   644
   37   646
   38   650
   44   652
   38   655
   40   658
   34   661
   46   663
   38   665
   41   668
   39   670
   35   673
   38   676
   40   678
   39   681
   39   684
   41   686
   43   689
   44   691
   44   693
   45   695
   48   697
   45   700
   38   702
   48   705
   41   707
   47   710
   47   712
   42   715
   45   717
   42   720
   43   723
   52   725
   46   728
   46   731
   45   733
   38   736
   40   739
   46   742
   43   745
   45   747
   36   750
   47   753
   42   756
   54   758
   52   761
   47   763
   45   765
   70   767
   56   769
   53   771
   57   773
   51   776
   54   778
   49   780
   51   782
   42   785
   50   787
   52   789
   45   791
   55   793
   54   796
   62   798
   60   800
   62   802
   59   804
   59   806
   49   808
   63   810
   55   812
   56   814
   50   816
   55   818
   58   820
   57   823
   62   824
   52   827
   64   829
   61   830
   74   832
   59   834
   56   837
   48   839
   54   841
   46   844
   53   846
   52   849
   58   851
   55   853
   53   856
   53   858
   52   861
   51   863
   52   865
   44   868
   51   870
   62   872
   52   875
   53   877
   54   879
   54   882
   48   884
   54   886
   52   889
   47   891
   62   893
   44   896
   38   899
   53   901
   46   904
   57   906
   49   909
   56   911
   49   914
   49   917
   41   919
   57   921
   54   924
   51   926
   43   929
   50   931
   49   933
   49   935
   56   937
   44   940
   48   942
   46   945
   40   948
   55   950
   48   952
   38   955
   51   958
   48   960
   53   962
   50   964
   39   967
   56   969
   46   972
   47   974
   52   976
   46   979
   48   981
   51   983
   38   986
   49   988
   44   991
   50   994
   45   996
   46   998
   39  1001
   47  1004
   47  1006
   39  1009
   49  1011
   37  1014
   37  1016
   51  1018
   34  1021
   50  1023
   41  1025
   45  1028
   44  1030
   39  1033
   38  1036
   38  1039
   36  1041
   38  1044
   35  1046
   33  1048
   37  1051
   48  1053
   39  1056
   38  1058
   37  1061
   37  1064
   37  1067
   37  1069
   39  1072
   40  1074
   39  1077
   40  1079
   39  1082
   48  1084
   42  1086
   41  1088
   38  1091
   32  1093
   43  1096
   41  1098
   43  1100
   34  1103
   38  1107
   35  1109
   43  1112
   41  1114
   38  1116
   30  1119
   39  1121
   35  1123
   30  1125
   42  1127
   37  1130
   36  1132
   36  1134
   37  1137
   37  1139
   35  1141
   35  1144
   37  1146
   36  1149
   35  1151
   34  1153
   32  1156
   41  1158
   34  1161
   36  1163
   37  1165
   38  1167
   36  1170
   34  1173
   34  1175
   29  1176
