   28     2
   15     8
   16    14
   15    19
   14    24
   13    30
   11    34
   11    38
    9    43
   13    47
   15    52
   17    56
   15    61
   13    65
    9    70
   13    74
   13    79
   13    83
   14    88
   10    94
   13    99
   13   104
   10   109
   16   112
   16   116
   19   119
   19   122
   19   126
   17   129
   19   133
   19   136
   17   139
   18   143
   19   146
   17   149
   18   152
   19   156
   19   158
   19   161
   20   164
   19   168
   18   171
   24   176
   22   180
   23   183
   18   186
   23   190
   24   194
   19   197
   21   200
   20   204
   19   207
   20   210
   23   214
   19   218
   22   221
   21   224
   18   228
   17   231
   20   235
   21   238
   20   241
   18   245
   21   248
   20   251
   20   254
   21   258
   21   261
   19   264
   20   267
   20   270
   19   273
   18   277
   21   280
   23   283
   20   287
   20   290
   19   293
   21   298
   22   301
   21   305
   22   308
   17   311
   18   315
   19   318
   22   321
   23   324
   22   327
   22   330
   24   333
   21   336
   19   340
   20   343
   23   346
   23   348
   20   352
   26   355
   21   358
   23   361
   21   364
   23   368
   25   371
   23   375
   23   378
   24   381
   25   384
   23   388
   23   391
   23   394
   22   399
   25   404
   22   407
   25   410
   22   413
   24   416
   23   419
   24   422
   24   425
   23   428
   24   430
   23   434
   23   437
   23   440
   24   442
   25   445
   24   448
   25   450
   26   453
   27   455
   22   458
   28   461
   26   463
   26   466
   28   469
   26   471
   26   474
   28   477
   28   480
   25   482
   26   485
   26   488
   29   491
   28   493
   28   496
   28   499
   29   501
   27   504
   27   507
   31   510
   25   513
   29   516
   29   518
   29   521
   30   524
   30   527
   27   530
   28   533
   29   535
   29   538
   27   541
   32   544
   33   546
   33   549
   34   551
   31   554
   30   557
   32   560
   30   562
   32   565
   29   568
   30   571
   32   574
   32   577
   29   579
   30   582
   34   585
   36   587
   32   590
   39   592
   35   595
   37   597
   37   600
   32   603
   35   605
   32   608
   33   611
   36   614
   34   616
   36   619
   34   622
   36   624
   34   627
   38   630
   38   632
   40   635
   35   637
   33   641
   35   643
   38   646
   38   648
   34   651
   36   654
   41   657
   33   659
   40   662
   37   664
   39   667
   41   669
   39   671
   42   674
   42   676
   39   679
   38   681
   38   684
   38   686
   34   689
   39   691
   36   694
   36   696
   33   699
   36   702
   38   704
   39   706
   41   709
   36   712
   38   714
   42   717
   39   719
   35   723
   41   726
   40   728
   40   730
   42   733
   41   735
   41   737
   41   740
   43   742
   41   745
   41   747
   38   750
   42   752
   38   755
   42   757
   35   760
   35   762
   44   766
   40   768
   22   769
   40   772
   47   775
   41   777
   50   780
   44   782
   46   784
   41   787
   42   790
   41   793
   42   795
   47   798
   46   800
   42   803
   43   805
   48   808
   37   811
   47   813
   47   815
   36   819
   42   823
   42   826
   51   828
   43   831
   45   834
   46   836
   46   839
   45   841
   43   844
   48   847
   50   849
   54   851
   55   853
   48   855
   51   858
   44   861
   48   863
   46   865
   50   867
   55   870
   51   872
   54   874
   58   876
   59   878
   59   880
   57   882
   50   884
   59   886
   54   888
   58   890
   63   891
   63   893
   61   895
   64   897
   60   899
   57   901
   61   903
   55   905
   55   907
   62   909
   56   911
   52   913
   66   915
   62   917
   52   919
   51   921
   56   923
   52   925
   57   927
   50   930
   65   932
   54   934
   61   936
   63   938
   60   939
   62   941
   53   943
   54   946
   56   948
   57   950
   54   952
   54   955
   53   957
   57   959
   55   961
   49   964
   61   966
   64   968
   61   970
   66   972
   61   974
   56   976
   56   979
   63   981
   66   982
   68   984
   62   986
   69   988
   72   990
   65   992
   63   994
   64   996
   52   998
   71   999
   63  1001
   55  1004
   67  1006
   62  1008
   63  1010
   67  1012
   62  1014
   64  1016
   60  1017
   65  1019
   59  1021
   69  1023
   67  1025
   67  1027
   76  1029
   69  1030
   74  1032
   67  1034
   74  1035
   71  1037
   71  1039
   74  1040
   73  1042
   71  1044
   69  1046
   71  1047
   73  1049
   66  1051
   70  1053
   70  1054
   60  1056
   54  1059
   54  1061
   64  1063
   68  1065
   69  1067
   70  1069
   71  1071
   64  1073
   69  1074
   68  1076
   71  1077
   77  1079
   71  1081
   39  1083
   57  1085
   70  1087
   60  1089
   77  1091
   72  1093
   75  1094
   77  1096
   80  1097
   86  1099
   73  1100
   63  1102
   73  1104
   75  1105
   83  1107
   84  1108
   86  1109
   82  1111
   85  1112
   84  1114
   82  1115
   84  1117
   86  1118
   79  1120
   81  1121
   75  1123
   79  1124
   82  1126
   82  1128
   80  1129
   79  1131
   82  1132
   82  1134
   76  1135
   80  1137
   77  1138
   73  1140
   82  1142
   82  1143
   79  1145
   74  1147
   73  1148
   72  1150
   68  1152
   74  1154
   70  1155
   71  1157
   70  1159
   76  1160
   78  1162
   72  1164
   71  1166
   66  1167
   67  1169
   63  1171
   74  1173
   72  1174
   69  1176
   67  1178
   64  1180
   65  1181
   69  1183
   62  1185
   62  1187
   65  1189
   58  1191
   60  1193
   55  1195
   62  1197
   61  1199
   59  1201
   63  1202
   59  1204
   56  1206
   55  1209
   49  1212
   46  1215
   48  1218
   47  1221
   51  1223
   50  1225
   53  1227
   49  1229
   48  1232
   55  1234
   50  1236
   52  1239
   44  1241
   44  1244
   46  1247
   42  1249
   44  1252
   46  1254
   48  1256
   42  1259
   42  1262
   42  1265
   44  1268
   38  1273
   37  1277
   38  1281
   37  1284
   39  1288
   42  1290
   38  1293
   40  1296
   37  1299
   40  1302
   39  1306
   39  1309
   37  1312
   43  1315
   41  1318
   43  1321
   37  1324
   40  1327
   41  1330
   42  1333
   38  1336
   41  1339
   36  1343
   37  1346
   39  1349
   38  1353
   33  1356
   29  1360
   26  1365
   34  1369
   34  1373
   35  1376
   37  1381
   36  1384
   33  1388
   32  1392
   35  1396
   39  1399
   34  1403
   35  1407
   38  1410
   37  1413
   43  1416
   33  1419
   38  1422
   35  1425
   37  1428
   36  1431
   36  1433
   35  1436
   35  1439
   33  1442
   35  1445
   34  1447
   36  1450
   29  1453
   31  1456
   37  1459
   34  1463
   32  1466
   30  1469
   32  1472
   33  1476
   34  1479
   28  1482
   34  1485
