   24     2
   12     5
   10     9
   13    13
   13    17
   13    21
   13    24
   12    28
   12    32
    3    35
   13    42
   12    46
   10    51
   11    55
    2    59
   18    66
   13    69
   14    73
   19    78
    6    85
   12    90
   12    94
   13    98
   16   101
   11   105
   16   108
   17   111
   16   115
   17   117
   17   120
   18   123
   17   126
   17   130
   17   134
   17   137
   18   141
   14   145
   18   148
   12   153
   15   157
   16   160
   17   164
   20   168
    8   171
   21   177
   22   180
   22   184
   20   187
   24   190
   23   193
   23   196
   15   200
    5   202
   24   207
   22   210
   22   213
   22   216
   20   220
   21   223
   21   226
   18   230
   12   234
   17   239
   19   243
   23   247
   20   250
   17   253
   15   256
   14   260
   15   265
   20   268
   22   272
   21   275
   21   279
   21   283
   21   286
    3   289
   27   294
   24   299
   21   302
   19   305
   19   309
   20   312
   20   315
   15   319
   18   322
   16   325
   17   329
   21   333
   23   337
   22   340
   19   343
   21   347
   20   350
    3   354
   21   362
   19   367
   17   371
   25   375
   14   380
   23   383
   25   386
    5   389
   27   394
   25   397
   24   400
   23   404
   25   407
   22   410
   21   414
   18   417
   20   421
   22   424
   22   428
   22   431
   24   434
   23   437
   24   441
   21   444
   23   449
   17   454
   22   457
   27   460
   17   464
   12   467
   22   470
   25   473
   24   477
   24   480
   25   483
   28   487
   18   490
   25   493
   26   496
   25   500
   27   504
   26   507
   28   510
   25   513
   24   517
   25   519
   23   523
   28   527
   27   531
   27   536
   24   539
   24   542
   29   544
   28   547
   29   550
   28   554
   32   556
   26   560
   26   563
   19   567
   25   570
   29   573
   29   577
   28   581
   27   584
   30   587
   28   591
   34   594
   28   597
   30   600
   32   602
   40   605
   34   608
   36   611
   34   614
   36   616
   36   619
   31   622
   28   626
   29   630
   34   633
   30   636
   34   639
   29   642
   37   646
   29   650
   38   652
   33   655
   32   658
   18   663
   37   666
   40   670
   25   672
   36   675
   36   677
   36   679
   36   682
   44   685
   29   688
   33   690
   40   693
   37   696
   38   698
   39   701
   37   704
   36   706
   33   708
   36   711
   39   714
   38   716
   41   718
   33   721
   40   723
   31   726
   40   729
   31   732
   38   735
   40   737
   38   741
   35   743
   40   746
   42   749
   34   751
   43   754
   45   757
   28   760
   44   762
   45   764
   39   767
   42   769
   43   771
   46   774
   43   776
   45   779
   49   781
   41   784
   51   786
   48   788
   43   790
   39   792
   38   794
   34   796
   46   799
   45   801
   47   804
   50   806
   50   808
   42   810
   51   812
   49   815
   37   817
   40   820
   46   822
   51   824
   51   826
   46   829
   48   831
   50   834
   38   836
   49   838
   43   840
   53   842
   43   844
   48   846
   47   848
   48   850
   54   852
   44   854
   56   856
   56   858
   47   860
   59   862
   52   865
   50   867
   52   869
   52   871
   59   873
   48   875
   56   877
   53   879
   52   881
   48   884
   43   885
   52   887
   57   889
   58   891
   49   893
   46   895
   61   897
   52   900
   48   902
   52   904
   56   906
   50   908
   57   910
   58   912
   47   914
   52   916
   61   918
   60   920
   54   922
   63   924
   63   926
   54   928
   51   929
   58   931
   54   933
   51   935
   67   937
   58   939
   64   941
   62   943
   58   945
   61   947
   63   949
   68   951
   50   953
   59   955
   68   957
   61   959
   70   960
   59   962
   62   964
   64   966
   63   968
   49   971
   67   973
   52   975
   66   976
   76   978
   64   980
   70   981
   69   983
   68   985
   67   987
   73   989
   73   990
   64   992
   64   994
   70   995
   71   997
   75   999
   71  1001
   73  1002
   67  1004
   68  1005
   73  1007
   75  1009
   65  1011
   64  1012
   68  1014
   65  1016
   70  1018
   72  1020
   64  1021
   70  1023
   68  1025
   72  1026
   68  1028
   25  1030
   57  1033
   68  1034
   74  1036
   69  1038
   62  1040
   71  1042
   76  1044
   70  1045
   67  1047
   78  1049
   78  1050
   73  1052
   75  1054
   61  1056
   85  1057
   74  1059
   76  1061
   47  1063
   81  1064
   80  1066
   72  1068
   69  1069
   67  1071
   63  1073
   76  1075
   74  1076
   73  1078
   70  1080
   76  1082
   71  1084
   77  1085
   84  1086
   85  1088
   78  1090
   77  1091
   81  1093
   78  1094
   78  1096
   77  1098
   88  1099
   74  1101
   74  1103
   79  1104
   82  1106
   78  1107
   71  1109
   70  1111
   88  1112
   83  1114
   88  1115
   84  1117
   80  1118
   87  1120
   84  1121
   82  1123
   78  1124
   81  1126
   82  1128
   90  1129
   84  1131
   70  1132
   88  1134
   90  1135
   83  1137
   89  1138
   87  1140
   86  1141
   92  1142
   94  1144
   89  1145
   90  1147
   92  1148
   90  1149
   91  1151
   89  1152
   96  1153
   91  1155
   90  1156
   84  1157
   92  1159
   86  1160
   86  1162
   76  1164
   68  1166
   98  1167
  100  1168
   91  1169
   90  1171
   94  1172
   93  1174
   93  1175
   91  1177
   90  1178
   91  1179
   93  1181
   93  1182
   93  1183
   81  1185
   88  1186
   93  1188
   87  1189
   92  1190
   88  1192
   94  1193
   96  1195
   98  1196
   96  1197
   98  1198
   95  1200
   85  1202
   91  1203
   87  1205
   87  1206
   87  1208
   89  1210
   85  1211
   89  1213
   83  1214
   91  1216
   80  1218
   82  1220
   84  1221
   83  1223
   92  1225
   84  1226
   81  1228
   83  1230
   77  1232
   74  1234
   78  1236
   78  1238
   75  1239
   74  1241
   68  1243
   71  1245
   68  1247
   72  1249
   75  1251
   73  1253
   69  1255
   69  1256
   67  1258
   67  1260
   67  1262
   63  1264
   62  1267
   62  1269
   64  1271
   69  1272
   66  1274
   64  1276
   59  1279
   57  1281
   53  1283
   53  1285
   53  1288
   53  1290
   56  1292
   42  1294
   28  1295
   52  1297
   58  1300
   55  1302
   55  1304
   52  1306
   57  1308
   55  1310
   57  1312
   60  1313
   53  1315
   61  1317
   57  1319
   57  1321
   49  1323
   48  1325
   16  1326
   45  1328
   49  1330
   56  1332
   39  1333
   37  1336
   43  1338
   43  1341
   50  1343
   43  1345
   45  1347
   42  1350
   50  1352
   51  1354
   45  1356
   48  1358
   19  1360
   42  1364
   45  1366
   47  1368
   44  1370
   43  1373
   32  1375
   49  1378
   46  1380
   43  1382
   48  1384
   53  1386
   48  1387
   47  1389
   48  1391
   44  1393
   45  1395
   44  1397
   41  1400
   40  1402
   39  1404
   48  1406
   44  1408
   42  1410
   42  1412
   40  1414
   22  1418
   39  1420
   39  1422
   38  1424
   38  1427
   43  1429
   40  1431
   39  1433
   43  1435
   26  1438
   30  1440
   25  1444
   39  1447
   36  1449
   36  1453
   39  1455
   38  1458
   40  1460
   39  1462
   39  1464
   37  1466
   22  1469
   39  1471
   41  1473
   40  1476
   41  1478
   40  1480
   37  1482
   24  1485
   32  1487
   40  1489
   37  1492
   36  1494
   39  1496
   38  1498
   37  1500
   14  1501
   26  1507
   33  1509
   38  1511
   37  1514
   34  1516
   26  1519
   29  1521
   39  1524
   38  1526
   34  1528
   30  1531
   24  1534
   33  1536
   28  1538
   31  1541
   30  1544
   33  1546
   29  1549
