   10     2
   11     6
    9     9
    9    12
    9    16
    9    20
   10    23
    9    27
    9    31
   10    34
   10    38
   10    41
   10    44
   12    48
   10    51
    8    57
   12    60
   13    63
   12    67
   12    70
   11    74
   10    77
   10    81
    9    84
   10    87
    8    91
    9    95
   10    98
   10   102
    9   106
    9   109
   10   113
   13   116
   12   119
   14   122
   13   125
   12   128
   13   131
   13   134
   14   137
    9   141
   14   147
   14   150
   22   156
   15   159
   15   162
   12   165
   11   170
   16   173
   16   176
   16   179
   16   182
   15   185
   15   188
   16   191
   17   194
    8   199
   17   202
   20   205
   16   208
   19   211
   19   214
   17   217
   18   220
   18   222
   18   225
   18   228
   19   232
   17   235
   17   237
   18   240
   16   243
   18   246
   18   249
   17   252
   17   255
   17   258
   17   261
   16   263
   17   266
   19   269
   14   273
   17   276
   16   280
   19   283
   19   286
   20   292
   11   298
   16   301
   16   304
   16   307
   17   310
   18   313
   17   316
   18   319
   17   321
   18   323
   19   325
   20   328
   18   331
   17   333
   12   337
   21   341
   22   344
   20   347
   20   350
   19   353
   19   356
   16   359
   17   362
   16   365
   18   368
   19   371
   21   374
   31   374
   20   377
   20   380
   18   383
   19   386
   20   389
   20   392
   18   395
   22   398
   21   401
   21   404
   20   407
   20   410
   22   413
   23   417
   22   420
   20   423
   20   426
   21   429
   21   432
   21   435
   21   438
   22   441
   23   444
   26   449
   14   454
   20   457
   25   460
   26   463
   29   465
   20   468
   21   471
   24   474
   21   477
   22   480
   22   483
   23   485
   23   488
   26   491
   25   493
   26   496
   24   499
   17   502
   24   506
   20   510
   37   514
   29   517
   27   519
   27   522
   25   525
   25   527
   25   530
   24   533
   28   536
   29   538
   27   541
   24   544
   26   547
   28   549
   27   552
   26   555
   26   558
   33   563
   23   565
   24   568
   20   571
   29   574
   31   577
   32   579
   32   582
   29   585
   27   587
   28   590
   27   593
   28   596
   30   598
   28   601
   29   604
   31   606
   32   609
   32   612
   36   615
   29   618
   33   621
   30   623
   24   626
   33   629
   33   632
   35   637
   26   640
   36   643
   35   645
   34   648
   29   651
   33   654
   32   656
   32   659
   31   662
   33   665
   34   668
   30   671
   31   673
   38   677
   33   681
   30   683
   34   686
   40   691
   35   693
   32   696
   33   699
   36   701
   37   704
   38   706
   37   709
   37   712
   42   714
   26   717
   45   720
   27   722
   40   725
   38   727
   40   731
   39   733
   31   736
   48   740
   37   742
   39   745
   38   748
   38   750
   40   753
   42   756
   38   759
   44   762
   43   764
   42   767
   42   769
   41   772
   47   775
   41   777
   37   780
   44   783
   39   786
   43   788
   45   791
   37   794
   32   797
   47   799
   45   802
   46   804
   56   808
   46   810
   42   812
   48   815
   45   817
   45   819
   45   822
   48   824
   46   827
   47   829
   49   832
   53   834
   47   836
   48   839
   40   842
   50   845
   53   847
   58   851
   52   853
   50   855
   51   857
   49   859
   49   861
   54   863
   49   866
   47   868
   48   871
   48   873
   55   876
   48   878
   48   880
   54   882
   55   885
   60   888
   47   890
   48   892
   48   894
   51   897
   57   899
   66   902
   59   904
   60   906
   55   907
   52   910
   58   911
   45   911
   74   912
   74   914
   71   916
   69   917
   66   919
   64   921
   60   923
   60   925
   55   927
   58   929
   64   932
   52   935
   50   937
   54   939
   62   940
   74   943
   63   945
   65   947
   64   948
   61   950
   72   952
   62   954
   77   956
   67   958
   63   961
   65   963
   59   965
   46   967
   67   969
   60   971
   67   974
   59   976
   58   978
   56   980
   52   983
   57   985
   54   987
   47   989
   54   992
   53   994
   55   996
   51   998
   45  1002
   38  1005
   46  1007
   48  1010
   49  1012
   51  1014
   49  1016
   48  1018
   48  1021
   45  1023
   43  1025
   42  1027
   37  1030
   33  1033
   37  1035
   37  1038
   39  1040
   40  1042
   34  1045
   39  1047
   40  1049
   38  1052
   34  1054
   36  1056
   27  1059
   22  1063
   33  1065
   39  1068
   31  1070
   34  1073
   37  1075
   33  1077
   30  1080
   33  1082
   33  1084
   31  1087
   32  1089
   29  1091
   26  1094
   29  1096
   28  1099
   27  1101
   29  1104
   20  1106
   24  1108
   32  1111
   32  1114
   30  1116
   31  1119
   29  1121
   24  1124
   17  1128
   32  1130
   35  1135
   20  1139
   26  1142
   26  1144
   27  1147
   24  1149
   25  1152
   27  1154
   26  1157
   25  1159
   26  1162
   29  1165
   27  1167
   23  1170
   23  1173
   25  1175
   25  1178
   26  1180
   27  1183
   26  1185
   25  1188
   26  1191
   22  1193
   25  1195
   25  1198
   23  1200
   23  1203
   22  1205
   25  1208
   23  1210
   22  1213
   23  1215
   26  1218
   25  1220
   24  1223
   25  1225
   23  1228
   24  1230
   23  1233
   24  1235
   25  1238
   23  1240
    2  1244
   25  1249
   26  1252
   26  1254
   26  1257
   26  1259
   26  1262
   24  1264
   24  1267
   24  1269
   28  1271
   24  1274
   19  1277
   22  1279
   25  1282
   24  1284
   23  1287
