   26     1
   21     4
   22     6
   20     8
   15    10
   14    14
    9    19
   17    23
   16    27
   18    30
   17    33
   21    36
   19    38
   18    41
   16    44
   15    46
   16    48
   14    51
   15    54
   15    57
   12    60
   14    62
   16    65
   15    67
   16    70
   13    73
   15    75
   16    78
   15    81
   15    84
   13    87
   17    90
   17    92
   18    94
   17    96
   17    98
   18   100
   18   103
   15   105
   16   108
   20   110
   24   112
   23   114
   24   116
   21   118
   21   120
   22   122
   21   124
   23   126
   23   128
   23   130
   22   133
   21   135
   21   137
   20   139
   15   142
   21   145
   22   147
   22   149
   23   151
   23   153
   22   156
   24   159
   21   161
   20   163
   23   165
   22   169
   20   171
   22   172
    4   174
   20   177
   22   178
   24   180
   24   182
   21   184
   24   186
   23   188
   24   190
   26   193
   27   195
   24   197
   21   200
   24   202
   22   204
   25   206
   24   208
   24   210
   27   212
   23   214
   23   216
   23   219
   24   221
   24   222
   25   224
   23   226
   24   228
   22   230
   24   233
   21   235
   20   239
   22   241
   24   242
   25   245
   26   247
   19   249
   25   252
   26   254
   24   256
   24   258
   23   260
   26   262
   25   264
   26   266
   29   268
   26   269
   26   272
   24   274
   25   276
   25   278
   22   280
   26   282
   21   285
   23   287
   22   289
   22   292
   24   294
   24   296
   25   298
   22   301
   24   303
   25   305
   27   308
   25   312
   27   314
   24   317
   23   319
   23   321
   24   324
   24   326
   26   328
   21   330
   23   332
   22   334
   18   335
   19   337
   23   340
   22   342
   27   345
   21   348
   25   350
   19   354
   20   356
   17   358
   23   360
   26   362
   25   365
   23   367
   30   369
   28   372
   26   374
   26   376
   28   378
   27   380
   27   382
   30   384
   30   387
   27   389
   27   392
   32   394
   32   396
   27   398
   28   400
   32   402
   29   404
   33   406
   32   408
   33   409
   29   412
   29   413
   29   416
   29   418
   28   420
   27   422
   32   425
   30   427
   28   429
   32   431
   30   433
   31   435
   31   437
   30   439
   32   442
   29   444
   33   446
   35   448
   29   451
   30   453
   32   455
   34   457
   32   461
   31   464
   30   466
   31   468
   32   470
   31   472
   32   474
   36   476
   38   478
   34   479
   34   481
   34   483
   33   485
   35   487
   34   489
   34   491
   35   493
   32   495
   36   497
   37   499
   36   502
   36   504
   36   506
   39   508
   41   509
   37   511
   38   513
   34   515
   35   517
   41   519
   39   521
   36   523
   36   525
   36   527
   37   529
   39   531
   35   533
   25   535
   31   538
   36   539
   40   541
   42   543
   41   545
   40   546
   36   548
   37   550
   34   552
   38   554
   37   556
   37   558
   41   560
   40   562
   39   564
   40   566
   38   569
   40   572
   46   573
   43   575
   46   577
   47   579
   46   581
   43   582
   40   585
   40   587
   41   589
   43   591
   44   593
   45   594
   46   596
   43   598
   41   600
   44   602
   42   603
   46   605
   43   607
   40   609
   45   611
   46   613
   46   614
   47   616
   47   618
   48   620
   37   622
   49   624
   49   626
   50   627
   49   629
   49   631
   50   633
   52   634
   51   636
   44   639
   41   641
   45   643
   44   645
   48   647
   48   648
   47   650
   43   652
   47   654
   52   656
   51   657
   52   659
   50   661
   42   663
   46   665
   48   667
   50   669
   46   671
   53   672
   50   674
   49   676
   50   678
   45   681
   47   683
   51   685
   55   686
   53   688
   53   690
   53   691
   52   693
   55   695
   48   697
   53   699
   53   700
   51   702
   53   704
   52   705
   55   707
   50   709
   41   711
   52   713
   51   714
   42   716
   52   718
   56   720
   53   721
   51   723
   48   725
   54   727
   51   729
   54   730
   56   732
   56   734
   58   736
   48   738
   52   739
   60   741
   54   742
   59   744
   57   746
   56   747
   55   749
   54   751
   60   753
   57   754
   54   756
   53   758
   55   760
   54   761
   54   763
   57   765
   51   767
   59   769
   60   770
   61   772
   61   773
   56   775
   61   777
   61   779
   61   780
   59   782
   57   783
   64   785
   62   786
   51   788
   59   789
   52   791
   38   793
   49   795
   50   797
   44   799
   44   801
   47   803
   47   805
   42   807
   42   809
   46   811
   48   813
   48   815
   49   817
   48   819
   49   821
   46   823
   47   825
   49   827
   47   829
   44   831
   42   834
   38   837
   48   839
   48   841
   45   844
   46   846
   49   848
   50   850
   48   852
   49   854
   47   856
   47   857
   48   860
   42   862
   45   864
   44   866
   50   868
   46   870
   44   872
   45   874
   44   876
   50   878
   47   880
   49   882
   45   884
   42   887
   45   889
   42   891
   48   893
   42   895
   42   897
   45   899
   44   901
   43   903
   46   905
   41   907
   44   910
   41   912
   43   914
   43   916
   38   918
   41   921
   41   923
   40   925
   43   927
   41   929
   41   931
   44   933
   42   935
   42   937
   43   939
   41   941
   40   943
   40   945
   43   947
   43   949
   41   951
   42   953
   39   955
   37   957
   37   960
   38   962
   42   964
   41   966
   39   968
   37   970
   40   972
   38   974
   38   976
   37   978
   36   980
   39   982
   37   984
   37   986
   37   989
   35   991
   36   993
   38   995
   38   997
   34  1000
   35  1002
   35  1004
   35  1006
   35  1008
   36  1010
   36  1012
   39  1014
   37  1017
   36  1018
   37  1020
   36  1022
   38  1024
   38  1026
   37  1028
   35  1030
   36  1032
   37  1034
   37  1036
   36  1038
   36  1039
   36  1041
   36  1043
   34  1045
   32  1047
   37  1049
   34  1051
   32  1053
   30  1056
   31  1058
   34  1060
   33  1063
   34  1065
   30  1067
   32  1069
   30  1072
   32  1074
   34  1076
   30  1078
   32  1081
   33  1083
   32  1085
   33  1087
   32  1089
   32  1092
   34  1094
   33  1096
   30  1098
   32  1100
   34  1102
   35  1104
   34  1106
   34  1108
   31  1110
   31  1112
   33  1114
   30  1117
   32  1119
   30  1122
   28  1124
   31  1126
   33  1128
   32  1130
   28  1133
   28  1136
   30  1138
   29  1140
   29  1142
   30  1144
   21  1147
