   10     2
    7     6
    7    11
    7    15
    7    19
    5    25
    8    29
    8    33
    8    38
    8    42
    8    46
    8    50
    9    54
    8    58
    5    62
    3    65
    9    72
    7    76
    7    80
    7    84
    5    90
    9    95
    8    99
   11   103
   10   108
    9   111
   14   115
   19   118
   19   120
   18   123
   18   126
   17   129
   18   132
   16   135
   14   138
   15   141
   14   145
   15   148
   17   151
   16   154
   15   157
   15   160
   17   163
   16   166
   16   169
   15   173
   15   176
   13   180
   13   183
   15   186
   16   189
   15   192
   16   195
   16   198
   13   202
   15   205
   14   208
   15   211
   17   214
   16   217
   14   220
   16   223
   16   226
   16   229
   16   232
   15   235
   15   238
    3   241
   16   246
   16   249
   17   253
   18   256
   19   259
   18   262
   18   265
   17   268
   16   271
   16   275
   15   278
   17   281
   14   284
    9   287
   12   290
   16   294
   17   297
   17   300
   17   303
   18   306
   18   308
   16   311
   17   314
   18   316
   17   319
   16   322
   15   325
   16   328
   16   331
   10   335
   17   338
   18   341
   18   344
   17   347
   17   350
   19   353
   17   355
   18   358
   19   361
   18   364
   20   367
   19   369
   18   372
   19   375
   18   378
   18   380
   18   383
    3   386
   19   390
   18   393
   19   396
   17   399
   17   403
   17   406
   18   409
   17   411
   18   414
   18   417
   21   419
   22   422
   18   425
   18   428
   19   430
   20   432
   20   435
   19   438
   18   441
   16   444
   12   448
   18   451
   17   454
   18   456
   17   459
    4   462
   22   466
   19   469
   17   473
   19   476
   20   478
   23   481
   20   484
   21   487
   21   489
   22   492
   21   495
   18   498
   23   500
   22   503
   22   506
   22   509
   20   512
   13   516
   23   518
   22   521
   24   524
   21   526
   24   529
   25   531
   24   534
   23   537
   24   540
   24   542
   28   545
   28   547
   23   550
   29   552
   26   554
   23   557
   24   560
   14   563
   24   566
   26   568
   25   571
   25   573
   26   575
   26   578
   23   581
   24   583
   27   585
   28   587
   25   590
   26   592
   28   595
   27   597
   27   599
   29   602
   29   604
   23   607
   29   609
   29   611
   27   613
   26   616
   25   619
    3   621
   31   625
   28   627
   28   630
   25   632
   26   635
   37   637
   34   639
   32   641
   35   643
   28   645
   29   648
   29   650
   30   652
   33   654
   26   657
   34   659
   35   661
   29   663
   26   666
   38   668
   38   670
   35   672
   35   674
   38   675
   36   677
   36   679
   35   682
   32   684
   33   686
   33   688
   33   690
   16   694
   31   696
   33   698
   37   700
   34   703
   28   705
   32   707
   35   709
   33   712
   33   714
   30   716
   33   719
   36   721
   37   723
   40   725
   38   727
   32   729
   40   731
   38   734
   32   736
   37   738
   32   740
   37   742
   36   744
   39   746
   38   748
   32   751
   36   753
   37   755
   37   757
   35   759
   40   761
   39   763
   41   765
   30   767
   42   769
   38   771
   36   773
   39   775
   39   777
   41   779
   39   781
   41   783
   41   785
   40   787
   33   789
   44   791
   42   793
   39   795
   37   797
   43   799
   34   801
   45   803
   41   805
   53   806
   45   808
   47   810
   49   811
   43   813
   35   815
   44   817
   40   819
   43   821
   42   823
   42   825
   45   827
   46   828
   48   830
   34   832
   43   834
   42   836
   44   838
   42   839
   48   841
   39   843
   45   845
   45   848
   36   850
   43   852
   49   853
   46   855
   41   858
   47   859
   53   861
   52   863
   49   865
   47   866
   54   868
   43   870
   55   871
   52   873
   60   875
   48   876
   54   878
   51   880
   54   881
   54   883
   49   884
   50   886
   56   888
   47   889
   49   891
   52   893
   49   895
   53   896
   56   898
   47   900
   60   901
   57   903
   45   904
   53   906
   58   907
   55   909
   48   910
   55   912
   44   914
   55   915
   50   917
   67   918
   60   920
   62   921
   59   923
   59   924
   56   925
   58   927
   58   928
   46   930
   42   932
   67   933
   56   935
   64   937
   51   938
   64   939
   59   941
   57   942
   56   944
   62   945
   63   946
   64   948
   55   949
   64   951
   59   952
   70   953
   62   955
   61   956
   48   957
   88   958
   72   960
   61   961
   54   963
   49   964
   52   966
   50   968
   40   970
   50   971
   47   973
   49   975
   39   977
   46   979
   42   982
   41   984
   41   986
   45   988
   38   991
   40   993
   46   995
   42   997
   44   999
   46  1001
   49  1003
   43  1005
   19  1009
   39  1011
   40  1013
   39  1015
   40  1017
   37  1020
   39  1022
   35  1024
   34  1027
   31  1030
   34  1032
   32  1035
   35  1037
   34  1039
   33  1042
   34  1044
   36  1046
   36  1048
   34  1051
   31  1053
   33  1056
   34  1058
   32  1060
    7  1063
   33  1066
   28  1069
   31  1071
   30  1074
   29  1076
   31  1078
   29  1080
   29  1083
   31  1085
   30  1087
   28  1090
   24  1093
   28  1095
   28  1097
   26  1100
   25  1102
   26  1105
   30  1107
   31  1110
   29  1112
   31  1114
   31  1116
   30  1119
   17  1122
   28  1125
   28  1127
   27  1129
   28  1132
   27  1134
   31  1136
   30  1138
   27  1141
   29  1143
   27  1146
   25  1148
   28  1150
   29  1153
   29  1155
   27  1157
   27  1160
   23  1162
   24  1165
   26  1167
   15  1168
   28  1171
   24  1173
   26  1175
   15  1177
   28  1179
   14  1181
   21  1184
   15  1187
   21  1190
   21  1194
   28  1196
   27  1199
   26  1201
   26  1204
   25  1206
   27  1208
   28  1210
   30  1212
   27  1215
   28  1217
   29  1219
   32  1221
   32  1223
   28  1225
   26  1227
   24  1229
   26  1232
   22  1234
   21  1237
   24  1239
    4  1242
   26  1245
   29  1247
   15  1249
   28  1251
   18  1254
   24  1256
   15  1260
   21  1262
   23  1265
   24  1267
   17  1271
   19  1274
   24  1277
   24  1279
   21  1282
   23  1284
   22  1287
   22  1289
   24  1291
   22  1294
   20  1296
   21  1299
   20  1301
   22  1304
   21  1306
   22  1309
