   14     2
   12     6
   12     9
   13    12
   17    16
   15    19
   16    23
   12    27
   10    31
   10    34
    9    38
   11    41
   12    45
   12    48
   12    52
   14    55
   12    58
   11    62
   10    66
   11    69
   10    73
   11    77
   10    80
   10    84
   11    87
   10    91
   11    94
   13    98
   12   101
   12   104
   12   107
   10   112
   16   114
   16   117
   16   120
   19   122
   18   125
   18   128
   19   130
   18   133
   16   136
   15   139
   18   142
   15   145
   19   148
   15   151
   20   154
   17   157
   16   160
   15   164
    5   165
   20   171
   18   174
   17   179
   21   182
   19   185
   20   188
   21   191
   21   195
   14   199
   20   202
   21   205
   20   208
   22   210
   21   213
   20   216
   19   219
   19   222
   20   224
   20   227
   21   230
   22   233
   21   235
   21   238
   20   241
   19   244
   20   247
   21   250
   21   253
   22   256
   22   258
   22   261
   21   264
   19   267
   17   270
   21   273
   20   276
   21   279
   23   281
   23   284
   20   288
   13   292
   16   296
   20   299
   19   303
   18   306
   25   309
   22   311
   20   314
   22   317
   24   320
   23   323
   21   325
   20   328
   20   331
   17   334
   20   337
   28   342
   20   345
   18   348
   15   351
   16   355
   22   358
   23   361
   22   364
   27   366
   24   369
   23   371
   21   374
   21   377
   22   380
   22   383
   16   385
   19   388
   26   390
   27   393
   26   395
   27   398
   28   401
   27   404
   26   406
   28   409
   25   411
   24   414
   23   417
   25   419
   23   422
   22   425
   25   428
   24   430
   27   433
   25   436
   27   438
   26   441
   27   444
   26   447
   27   449
   23   452
   23   455
   27   460
   17   464
   23   466
   27   469
   29   471
   27   474
   26   476
   24   479
   29   481
   30   484
   27   486
   25   489
   24   491
   23   494
   29   496
   28   499
   30   502
   28   504
   29   507
   29   509
   26   511
   29   514
   28   516
   26   519
   27   522
   31   524
   31   527
   14   531
   25   534
   31   537
   31   540
   31   542
   32   544
   30   547
   29   549
   27   552
   26   554
   26   557
   29   560
   29   563
   31   565
   34   567
   32   570
   32   572
   28   575
   28   578
   31   580
   30   583
   28   586
   31   588
   31   591
   31   593
   35   595
   32   598
   31   601
   30   603
   37   607
   25   610
   26   613
   34   615
   34   618
   33   620
   32   623
   33   625
   34   627
   33   630
   31   633
   34   635
   36   637
   32   640
   31   642
   32   645
   34   647
   33   650
   26   653
   31   657
   30   659
   29   662
   26   665
   27   669
   35   671
   36   674
   29   677
   35   680
   36   682
   33   685
   36   687
   35   689
   34   692
   37   694
   32   696
   33   699
   41   701
   38   703
   34   706
   35   708
   31   711
   31   714
   33   716
   33   719
   36   721
   36   724
   35   726
   37   729
   38   731
   39   734
   43   737
   30   739
   34   742
   39   744
   40   746
   40   749
   38   751
   41   753
   41   756
   33   758
   34   761
   29   765
   33   768
   45   770
   42   773
   42   775
   41   777
   43   779
   41   782
   44   784
   41   786
   38   788
   36   790
   45   792
   38   795
   24   798
   40   802
   42   804
   38   806
   44   808
   42   811
   43   813
   40   815
   41   818
   26   821
   35   824
   50   827
   43   829
   41   831
   43   833
   44   835
   43   837
   44   839
   41   842
   41   844
   44   846
   40   848
   40   850
   42   852
   41   855
   40   857
   42   860
   36   862
   48   865
   46   867
   44   869
   40   871
   42   873
   34   876
   45   878
   45   880
   49   882
   48   884
   47   886
   47   888
   48   890
   49   893
   43   895
   45   897
   45   899
   45   901
   47   903
   36   905
   40   908
   51   910
   50   912
   47   914
   49   916
   47   918
   45   921
   47   923
   47   926
   53   928
   47   930
   48   932
   50   934
   48   936
   50   938
   47   940
   49   942
   47   945
   49   947
   52   949
   46   951
   51   953
   53   955
   50   957
   45   960
   47   962
   44   965
   45   967
   50   970
   46   972
   50   974
   51   976
   48   978
   48   980
   50   982
   53   984
   53   986
   48   988
   55   990
   53   992
   40   995
   43   997
   52   999
   54  1001
   54  1003
   52  1005
   45  1007
   40  1010
   53  1012
   56  1014
   57  1016
   57  1018
   59  1020
   48  1022
   56  1024
   51  1027
   49  1029
   54  1030
   56  1032
   56  1034
   51  1036
   58  1038
   53  1040
   56  1042
   49  1044
   54  1047
   57  1049
   51  1051
   56  1053
   54  1055
   51  1057
   32  1060
   47  1062
   55  1064
   47  1067
   45  1069
   29  1072
   55  1074
   65  1076
   59  1078
   57  1080
   59  1082
   56  1084
   60  1086
   58  1087
   59  1089
   59  1091
   56  1093
   56  1095
   57  1097
   60  1099
   59  1101
   60  1103
   53  1104
   62  1106
   66  1108
   55  1110
   56  1111
   53  1113
   61  1115
   60  1117
   59  1119
   41  1122
   58  1124
   63  1126
   70  1127
   68  1129
   66  1130
   68  1132
   65  1134
   61  1135
   68  1137
   66  1139
   68  1140
   64  1142
   63  1144
   65  1146
   65  1147
   67  1149
   60  1151
   60  1152
   41  1156
   65  1157
   67  1159
   66  1161
   67  1162
   71  1164
   69  1165
   71  1167
   70  1168
   76  1170
   76  1171
   68  1173
   70  1174
   67  1176
   71  1177
   64  1179
   68  1180
   70  1182
   71  1183
   68  1185
   68  1187
   70  1188
   74  1190
   69  1191
   70  1193
   74  1194
   70  1196
   72  1198
   73  1199
   65  1201
   74  1202
   56  1204
   69  1205
   67  1207
   72  1209
   66  1210
   71  1212
   74  1213
   75  1214
   74  1216
   73  1217
   73  1219
   75  1221
   63  1223
   64  1224
   68  1226
   70  1227
   68  1229
   76  1230
   78  1232
   79  1233
   75  1235
   69  1236
   74  1238
   78  1239
   82  1240
   75  1242
   75  1243
   73  1245
   76  1246
   73  1247
   77  1249
   78  1250
   75  1251
   80  1253
   82  1254
   80  1256
   77  1257
   74  1258
   73  1260
   77  1261
   74  1263
   75  1265
   69  1267
   73  1268
   68  1270
   71  1272
   73  1274
   76  1275
   72  1277
   72  1279
   73  1280
   69  1282
   73  1284
   74  1286
   70  1288
   70  1290
   71  1291
   66  1293
   59  1296
   54  1298
   60  1301
   61  1303
   66  1305
   70  1307
   62  1310
   62  1312
   62  1314
   66  1316
   60  1319
   65  1321
   60  1323
   52  1326
   53  1329
   60  1331
   60  1333
   63  1335
   58  1337
   58  1339
   59  1341
   63  1343
   64  1345
   63  1347
   54  1350
   54  1352
   58  1355
   58  1357
   61  1359
   59  1361
   53  1364
   48  1366
   49  1370
   53  1372
   50  1375
   51  1377
   41  1380
   41  1383
   52  1385
   53  1387
   54  1389
   58  1391
   55  1393
   55  1396
   53  1398
   52  1400
   53  1402
   57  1404
   54  1406
   44  1409
   42  1412
   47  1415
   49  1417
   50  1419
   47  1422
   37  1426
   33  1430
   39  1433
   44  1437
   44  1439
   39  1442
   39  1446
   41  1449
   43  1451
   47  1454
   39  1457
   41  1460
   44  1463
   37  1466
   39  1471
   30  1476
   42  1478
   46  1481
   38  1486
   37  1490
   39  1493
   32  1498
   39  1500
   43  1504
   42  1508
   37  1511
   25  1517
   38  1521
   39  1524
   37  1528
   34  1533
   37  1536
   34  1539
   34  1544
   37  1547
   33  1550
   33  1554
   36  1557
   37  1561
   33  1564
   34  1567
   36  1571
   33  1574
   37  1577
   38  1581
   33  1584
   34  1587
   34  1590
   34  1593
   36  1595
   27  1599
   31  1604
   34  1606
   35  1609
   36  1612
   30  1614
   31  1617
   33  1620
   32  1623
   32  1626
   33  1628
   34  1631
   31  1634
   25  1637
   24  1640
   31  1643
   34  1645
   33  1648
   35  1651
   33  1654
   35  1657
   36  1660
   36  1663
   37  1665
   34  1668
   32  1670
   34  1673
   31  1676
   27  1679
   26  1681
