    8     2
   10     5
    8     7
   13    12
   15    14
   15    16
    9    19
    9    22
    8    25
   16    28
   14    30
   19    32
   13    34
   14    37
    9    39
   11    42
   14    44
   14    46
   13    48
    9    51
   12    53
   11    56
    8    58
    7    60
    5    64
    9    66
   19    69
    5    71
    9    74
    5    78
   10    80
    9    83
    5    87
   10    89
   19    91
    9    94
    9    97
    9    99
   11   102
    9   104
   13   107
   11   110
   10   112
    9   115
    9   119
   16   122
   16   125
   17   128
   17   131
   16   133
   15   136
   16   139
   15   142
   13   145
   14   148
   15   151
    8   154
   13   158
   13   161
   12   164
   11   167
   12   170
   10   174
   13   177
   15   181
   15   184
   15   186
   16   189
   16   192
   15   195
   17   197
   15   200
   17   203
   19   205
   17   208
   16   210
   16   213
   16   215
   17   218
   16   221
   14   223
   16   226
   14   229
   17   231
   16   234
   16   237
   15   240
   15   242
   16   245
   17   247
   16   250
   19   252
   19   254
   14   257
   16   259
   16   262
   17   265
   15   267
   17   271
    3   274
   21   279
   17   282
   17   285
   18   288
   17   290
   17   293
   16   295
   15   298
   16   300
   17   303
   16   305
   15   308
   16   311
   16   313
   16   316
   16   319
   15   321
   17   324
   17   327
   17   329
   15   332
   17   335
   18   338
   16   340
   18   343
   18   345
   17   348
   20   350
   20   353
   18   356
   20   358
   20   360
   22   363
   18   365
   19   368
   19   371
   20   373
   18   375
   21   378
   18   381
   21   383
   21   386
   21   389
   19   392
   21   394
   20   396
   22   398
   22   401
   20   403
   21   406
   21   408
   25   410
   24   412
   14   414
   25   417
   25   419
   23   422
   20   424
   20   427
   25   429
   21   432
   26   435
   23   437
   24   440
   25   442
   24   444
   21   447
   24   449
   27   451
   21   453
   23   455
   26   457
   26   460
   20   462
   26   465
   26   468
   25   470
   24   473
   23   475
   24   478
   28   480
   27   482
   27   485
   28   487
    9   489
   31   491
   28   494
   28   496
   28   498
   31   500
   24   503
   27   505
   29   507
   28   509
   30   511
   30   513
   30   516
   29   518
   29   520
   28   522
   29   525
   32   526
   31   528
   32   531
   34   533
   33   535
   12   537
   35   539
   37   541
   33   543
   34   545
   35   547
   32   549
   31   551
   31   553
   32   555
   31   557
   23   559
   36   561
   37   563
   38   565
   37   566
   36   568
   35   570
   25   572
   35   574
   38   576
   36   578
   36   580
   36   581
   35   584
   27   587
   28   589
   37   591
   35   592
   35   594
   40   596
   38   598
   39   600
   39   602
   40   604
   39   605
   41   607
   25   610
   41   612
   43   614
   43   615
   42   617
   43   619
   43   620
   45   622
   43   624
   45   625
   47   627
   38   630
   44   631
   43   633
   42   634
   41   636
   43   638
   45   640
   46   641
   40   643
   44   645
   41   646
   38   648
   43   650
   41   652
   41   653
   45   655
   45   657
   50   658
   51   660
   51   661
   51   663
   52   664
   53   666
   53   667
   55   669
   52   670
   52   672
   50   673
   50   675
   51   676
   52   678
   50   679
   54   681
   57   682
   55   683
   53   685
   51   686
   53   688
   54   689
   56   691
   56   692
   59   693
   55   695
   55   696
   54   697
   50   699
   52   700
   55   702
   55   703
   60   704
   47   706
   48   707
   50   709
   42   711
   50   712
   53   714
   54   715
   51   716
   55   718
   55   719
   55   721
   53   722
   55   723
   51   725
   49   726
   50   728
   51   729
   51   731
   46   733
   50   734
   50   736
   50   737
   51   739
   51   740
   51   741
   52   743
   52   744
   51   746
   45   748
   50   749
   47   751
   47   752
   49   754
   47   755
   46   757
   47   759
   46   760
   46   762
   46   763
   36   765
   38   767
   44   768
   45   770
   38   772
   41   774
   43   776
   43   777
   41   779
   46   780
   19   782
   46   784
   44   786
   43   788
   41   789
   43   791
   36   794
   34   796
   41   797
   40   799
   41   801
   40   803
   41   804
   39   806
   40   808
   38   810
   37   812
   37   813
   37   815
   37   817
   34   819
   35   821
   35   822
   33   824
   34   826
   31   828
   34   830
   33   832
   33   834
   27   836
   25   838
   28   840
   33   842
   31   844
   32   846
   32   848
   30   850
   30   852
   29   854
   30   856
   30   858
   28   860
   29   862
   28   864
   28   866
   29   868
   29   870
   25   872
   25   874
   23   878
   24   880
   23   882
   24   884
   23   886
   23   889
   23   891
   25   893
   26   895
   24   897
   24   899
   28   901
   26   903
   26   905
   26   907
   24   909
   24   912
   26   914
   25   916
   26   918
   27   920
   26   922
   26   924
   27   926
   25   928
   26   930
   24   932
   26   934
   25   936
   26   938
   24   940
   23   943
   21   945
   14   947
   24   950
   23   952
   23   956
   21   958
   18   961
   21   963
   21   965
   21   968
   23   970
   23   972
   19   974
    6   977
   23   980
   24   982
   25   984
   24   986
   26   989
   28   991
   23   993
   28   995
   27   998
   28  1000
   28  1002
   28  1004
   26  1006
   27  1008
   26  1010
   28  1013
   25  1015
   22  1018
   22  1020
   23  1022
   21  1024
   21  1027
   20  1029
   20  1031
   18  1034
   13  1037
   24  1039
   21  1042
   23  1044
   23  1046
   23  1048
   22  1050
   23  1053
   22  1055
   20  1057
   24  1060
   22  1062
   20  1064
   18  1067
   18  1069
   17  1072
   15  1074
   15  1077
   16  1080
   15  1082
   17  1085
   19  1089
   18  1091
   20  1094
   19  1096
   22  1098
   13  1101
   16  1105
   23  1107
   22  1109
   20  1112
   21  1114
   19  1117
   22  1119
   22  1122
   20  1124
   24  1126
   20  1129
   21  1131
   18  1133
   21  1136
   20  1138
   19  1141
   19  1143
   24  1145
   22  1147
   22  1150
   18  1152
    9  1154
   23  1157
   15  1159
   20  1162
   18  1164
   13  1167
