   20     1
   12     3
   14     5
   13     7
   12    10
   13    12
   13    14
   14    16
   14    18
   13    21
   12    23
   13    25
   13    27
   13    29
   11    32
   16    36
   14    38
   13    39
   12    42
   13    43
   12    45
   14    47
   12    50
   11    52
   12    54
   11    56
   11    58
   11    61
   10    63
   12    65
   11    67
   12    69
   13    72
   12    74
   12    76
   12    78
   13    80
   12    82
   13    84
   12    86
   12    88
   14    90
   13    92
   12    94
   15    97
   12    99
   12   101
   13   103
   12   106
   12   108
    8   110
   12   112
   13   114
   13   117
   17   119
   16   121
   15   123
   16   126
   19   128
   20   130
   17   133
   19   135
   19   137
   18   139
   20   141
   19   144
   20   146
   14   148
   19   150
   19   152
   17   155
   17   157
   18   159
   15   162
   18   164
   20   166
   17   168
   18   170
   18   172
   12   175
   20   177
   16   180
   18   182
   18   184
   18   186
   12   189
   16   191
   18   193
   18   195
   20   197
   19   199
   14   201
   17   204
   17   206
   22   208
   12   211
   22   213
   19   216
   21   218
   19   220
   19   222
   18   224
   19   227
   20   229
   17   231
   21   233
   19   235
   19   237
   15   240
   20   242
   19   245
   17   247
   12   249
   22   251
   20   253
   20   255
   18   258
   22   259
   21   262
   22   263
   20   266
   18   268
   20   270
   21   272
   20   274
   16   277
   18   279
   20   281
   10   284
   16   286
   15   289
   20   291
   18   293
   14   296
   18   298
   19   300
   20   302
   24   304
   20   306
   23   308
   20   310
   18   313
   21   315
   19   317
   16   319
   19   322
   21   323
   20   325
   15   328
   19   331
   18   333
   22   335
   15   339
   21   341
   21   343
   20   345
   21   347
   11   350
   21   352
   20   354
   23   356
   21   358
   21   360
   18   362
   24   365
   22   367
   23   369
   25   371
   23   372
   25   374
   24   376
   24   378
   21   380
   18   383
   24   384
   22   386
   23   388
   23   390
   21   392
   18   395
   25   397
   22   399
   17   401
   21   403
   23   405
   25   407
   22   409
   25   411
   19   413
   20   415
   25   416
   20   418
   26   420
   21   422
   35   424
   20   426
   21   428
   22   430
   23   432
   25   434
   24   436
   28   438
   27   440
   27   442
   27   444
   29   446
   26   448
   27   449
   25   451
   12   454
   27   456
   21   458
   28   460
   25   462
   25   464
   21   466
   19   469
   24   472
   27   473
   30   475
   27   477
   29   479
   28   481
   29   484
   30   485
   28   487
   30   489
   31   491
   28   493
   23   495
   22   497
   31   499
   31   500
   29   502
   31   504
   27   506
   29   508
   30   510
   28   512
   28   513
   29   515
   22   518
   31   520
   30   522
   28   524
   30   525
   30   527
   33   529
   32   530
   32   532
   33   534
   34   536
   28   538
   31   540
   33   541
   32   543
   31   545
   26   547
   32   548
   30   550
   32   552
   31   554
   24   557
   27   559
   31   561
   24   562
   23   564
   28   566
   33   567
   36   569
   30   571
   29   573
   36   574
   39   576
   48   577
   38   579
   28   582
   31   584
   43   586
   39   587
   39   589
   40   590
   41   592
   39   593
   38   595
   43   596
   38   598
   41   599
   39   601
   39   603
   40   604
   38   606
   37   607
   37   609
   40   610
   42   612
   40   613
   38   615
   39   617
   40   618
   43   620
   42   621
   41   623
   38   624
   39   626
   36   628
   41   629
   41   631
   40   633
   39   634
   37   636
   35   637
   44   639
   40   640
   40   642
   40   644
   30   646
   38   647
   35   649
   39   651
   32   653
   27   655
   40   656
   27   658
   27   660
   46   662
   45   663
   48   665
   47   666
   36   668
   43   670
   38   672
   38   673
   42   675
   47   676
   38   678
   29   680
   41   682
   43   683
   42   685
   46   687
   42   689
   46   690
   50   692
   48   693
   48   695
   45   696
   50   698
   47   699
   46   701
   50   702
   47   704
   28   707
   43   708
   43   710
   46   711
   44   713
   44   714
   47   716
   48   717
   55   719
   47   720
   45   722
   55   723
   56   724
   53   726
   55   727
   54   728
   48   730
   55   731
   43   733
   51   734
   48   735
   53   737
   53   738
   52   739
   49   741
   45   742
   48   744
   53   745
   43   746
   41   748
   49   749
   49   751
   30   753
   39   755
   37   756
   39   758
   43   759
   36   761
   41   763
   39   764
   40   766
   38   768
   45   770
   49   771
   41   773
   35   775
   37   777
   38   778
   41   780
   37   782
   34   784
   36   786
   36   787
   32   789
   35   791
   33   793
   24   795
   36   797
   33   799
   31   801
   32   803
   29   805
   37   807
   36   809
   37   811
   25   815
   31   817
   28   819
   35   821
   31   823
   30   825
   31   827
   32   829
   26   831
   28   833
   27   836
   27   838
   27   839
   30   842
   22   845
   25   847
   24   849
   30   850
   31   852
   28   854
   21   856
   30   858
   30   859
   27   861
   29   863
   31   865
   29   867
   28   868
   29   870
   26   872
   28   874
   25   876
   27   878
   24   880
   23   882
   29   884
   24   886
   26   888
   28   889
   25   891
   26   893
   25   895
   21   897
   25   899
   23   902
   27   904
   29   905
   28   907
   27   909
   28   911
   24   913
   26   915
   24   916
   21   919
   27   921
   26   922
   25   924
   28   926
   28   928
   25   930
   27   932
   25   934
   24   936
   25   938
   19   940
   25   942
   25   943
   25   945
   24   947
   23   950
   20   952
   24   954
   30   956
   23   958
   26   961
   22   963
   23   965
   21   967
   25   969
   24   971
   24   973
   24   975
   22   977
   25   979
   23   981
   24   983
   21   985
   21   987
   21   989
   23   991
   22   993
   23   995
   22   997
   22   999
   22  1001
   22  1003
   24  1005
   24  1007
   23  1009
   27  1012
   17  1014
   22  1016
   20  1018
   18  1020
   22  1022
   21  1024
   23  1026
   22  1028
   20  1031
   23  1033
   23  1035
   20  1037
   19  1039
   20  1041
   22  1043
   22  1045
   22  1047
   21  1049
   20  1051
   22  1053
   23  1055
   21  1057
   19  1060
   21  1062
   23  1064
   23  1066
   19  1068
   21  1070
   22  1072
   19  1075
   20  1077
