   15     3
   15     6
   18     9
   15    12
   15    15
   19    19
   13    22
   10    26
    3    29
   13    33
   15    39
   10    42
   11    45
   10    49
   12    52
   11    55
   17    59
   14    61
   11    65
   13    68
   12    71
   11    74
   10    77
   11    80
   12    83
   12    86
   14    89
   14    93
   13    96
   14    99
   13   102
   17   106
   11   111
   18   114
   21   116
   17   119
   10   121
   23   125
   17   127
   17   130
   18   133
   16   136
   16   138
   17   141
   19   144
   17   147
   17   151
   18   154
   16   158
   17   161
   15   163
   15   164
   19   167
   23   170
   16   172
   18   175
   16   179
   16   181
   19   185
   23   188
   17   192
   19   195
   20   198
   21   201
   19   204
   19   207
   18   210
   21   213
   17   216
   19   219
   17   222
   17   225
   18   228
   12   232
   15   236
   19   239
   16   243
   18   246
   18   249
   17   252
   14   255
   29   258
   22   261
   20   264
   20   267
   18   270
   18   273
   17   275
   17   278
   19   281
   17   285
   24   288
   21   291
   18   294
   17   297
   15   300
   18   303
   18   305
   19   308
   18   310
   16   314
   21   316
   20   319
   17   322
   17   325
   17   328
   18   331
   18   334
   20   336
   24   339
   18   342
   20   345
   16   348
   18   352
   22   354
   18   357
   20   360
   23   362
   20   365
   16   367
   13   369
   17   371
   18   375
   24   377
   21   380
   19   383
   24   386
   22   389
   21   392
   18   395
   20   398
   21   401
   20   405
   18   408
   20   411
   19   414
   20   417
   19   420
   18   423
   20   426
   24   429
   20   432
   21   435
   24   438
   21   440
   23   443
   22   446
   22   449
   21   452
   21   454
   20   457
   25   459
   26   461
   28   465
   21   469
   22   472
   22   474
   22   477
   24   480
   23   482
   25   485
   21   488
   25   490
   23   493
   26   496
   25   499
   22   502
   23   504
   27   507
   26   509
   25   512
   23   514
   24   517
   21   520
   26   523
   23   525
   23   528
   26   531
   24   534
   21   537
   24   540
   25   543
   25   545
   27   548
   31   551
   27   554
   25   556
   43   558
   35   560
   30   562
   25   565
   25   567
   26   570
   24   573
   27   576
   30   578
   35   581
   34   583
   29   586
   29   588
   27   591
   28   593
   33   596
   28   599
   28   602
   29   605
   28   608
   28   610
   27   613
   29   616
   34   619
   30   622
   29   624
   32   626
   34   629
   34   631
   35   634
   33   636
   35   639
   39   641
   38   644
   32   646
   34   649
   36   651
   39   653
   32   656
   31   659
   31   661
   34   664
   32   666
   34   669
   32   671
   33   674
   38   676
   39   679
   39   681
   42   683
   40   685
   35   687
   35   690
   33   692
   34   695
   36   697
   38   699
   36   701
   41   704
   40   706
   39   708
   35   711
   35   713
   39   715
   34   718
   34   721
   40   723
   39   725
   37   727
   40   729
   38   731
   36   733
   38   736
   41   738
   41   740
   37   742
   34   744
   33   746
   37   749
   42   751
   31   753
   33   756
   41   758
   41   760
   39   762
   35   764
   36   767
   38   769
   39   771
   44   773
   47   775
   41   777
   37   779
   40   782
   42   784
   39   786
   40   788
   44   790
   43   792
   35   795
   35   797
   42   799
   49   801
   44   804
   43   806
   47   808
   42   810
   41   812
   38   814
   35   817
   40   819
   44   821
   43   823
   45   825
   44   827
   45   830
   45   832
   42   834
   43   836
   42   838
   41   840
   42   842
   41   845
   40   847
   43   849
   32   852
   46   854
   54   856
   54   858
   47   860
   49   862
   48   864
   49   866
   49   868
   54   870
   55   872
   54   874
   50   876
   48   878
   45   880
   49   882
   47   884
   50   886
   55   888
   51   890
   46   892
   52   894
   41   896
   53   898
   43   899
   37   900
   49   902
   54   904
   51   906
   56   908
   53   909
   54   911
   54   913
   50   915
   50   917
   55   919
   53   921
   52   923
   54   925
   57   927
   59   929
   59   930
   61   932
   60   934
   56   936
   54   937
   55   939
   54   941
   52   943
   49   945
   48   947
   46   949
   47   951
   53   953
   50   955
   58   956
   54   958
   53   960
   54   962
   59   964
   56   965
   56   967
   55   969
   54   971
   54   973
   57   975
   56   976
   61   978
   59   980
   54   982
   59   984
   66   985
   61   987
   58   989
   57   991
   62   993
   63   994
   60   996
   56   998
   54  1000
   56  1002
   59  1004
   58  1005
   59  1007
   40  1009
   56  1011
   54  1013
   56  1015
   50  1017
   55  1019
   60  1021
   51  1023
   51  1024
   55  1027
   58  1028
   60  1030
   62  1032
   60  1034
   63  1035
   53  1038
   63  1039
   69  1041
   61  1043
   62  1044
   63  1046
   57  1048
   64  1049
   47  1052
   55  1054
   60  1055
   58  1057
   64  1059
   69  1061
   63  1062
   53  1064
   57  1066
   62  1068
   58  1070
   58  1072
   60  1074
   56  1075
   62  1077
   58  1079
   63  1081
   66  1083
   68  1084
   66  1086
   61  1088
   60  1090
   63  1092
   69  1094
   63  1095
   65  1097
   65  1099
   71  1101
   59  1102
   69  1104
   74  1106
   74  1107
   74  1109
   70  1110
   70  1112
   67  1114
   74  1115
   73  1117
   75  1119
   76  1120
   79  1122
   79  1123
   75  1125
   65  1126
   73  1128
   73  1130
   74  1131
   68  1133
   71  1134
   70  1136
   67  1138
   56  1140
   63  1142
   81  1143
   77  1145
   54  1146
   64  1148
   71  1150
   67  1152
   78  1153
   78  1155
   69  1156
   75  1158
   61  1160
   73  1161
   77  1163
   73  1164
   74  1166
   74  1167
   73  1169
   73  1171
   74  1172
   81  1174
   81  1175
   75  1177
   76  1178
   81  1180
   80  1181
   78  1183
   79  1185
   82  1186
   80  1188
   76  1189
   82  1191
   79  1192
   79  1194
   77  1195
   77  1197
   84  1198
   86  1200
   79  1201
   73  1203
   79  1204
   81  1206
   80  1207
   75  1209
   76  1211
   67  1213
   75  1214
   65  1216
   72  1218
   65  1219
   67  1221
   66  1223
   69  1225
   66  1227
   67  1228
   67  1230
   69  1232
   64  1234
   64  1236
   65  1237
   68  1239
   73  1241
   71  1242
   71  1244
   64  1246
   60  1248
   61  1250
   60  1251
   64  1253
   62  1255
   64  1257
   58  1258
   53  1261
   59  1262
   32  1265
   64  1267
   67  1269
   66  1270
   67  1272
   61  1274
   58  1276
   64  1277
   58  1279
   60  1281
   51  1282
   55  1284
   59  1286
   59  1288
   55  1290
   58  1292
   57  1293
   55  1295
   47  1298
   57  1299
   54  1301
   49  1303
   54  1305
   54  1307
   54  1309
   50  1311
   38  1313
   49  1315
   52  1317
   56  1319
   49  1321
   39  1323
   37  1326
   42  1329
   48  1331
   49  1333
   47  1335
   49  1337
   48  1339
   47  1341
   44  1343
   44  1345
   43  1347
   41  1349
   45  1351
   46  1353
   45  1355
   44  1357
   46  1359
   46  1361
   45  1362
   45  1364
   43  1366
   41  1369
   43  1371
   42  1373
   42  1375
   41  1377
   38  1379
   41  1381
   44  1383
   41  1385
   43  1387
   45  1389
   44  1390
   42  1392
   41  1394
   38  1397
   38  1399
   39  1401
   46  1403
   42  1404
   41  1407
   34  1410
   37  1412
   37  1414
   37  1416
   30  1418
   35  1420
   33  1422
   39  1425
   34  1427
   35  1429
   38  1431
   35  1433
   35  1435
   35  1437
   40  1439
   33  1442
   35  1444
   34  1446
   31  1448
   36  1450
   34  1452
   37  1454
   37  1456
   35  1458
   38  1460
   35  1462
   37  1465
   38  1467
   33  1469
   32  1471
   32  1473
   33  1475
   38  1477
   38  1479
   34  1481
   27  1485
   34  1487
   32  1489
   31  1491
   35  1493
   36  1495
   36  1497
   37  1499
   39  1501
   38  1503
   39  1505
   31  1507
   35  1509
   41  1511
   35  1513
   36  1516
   35  1517
   36  1519
   35  1521
   31  1523
   34  1525
   36  1527
   35  1529
   33  1531
   34  1533
   34  1535
   29  1538
   34  1540
   32  1542
   34  1544
   34  1546
   34  1548
   31  1550
