    7     2
   15     5
   15     8
   14    11
   11    13
    9    16
   13    20
   10    23
   12    26
   10    29
    7    32
   25    35
   11    40
    6    46
   10    49
   20    52
   17    55
    7    56
   15    58
    7    61
   12    63
   16    65
    9    69
   11    72
   12    75
    8    79
    9    83
   11    85
   13    88
   12    91
   11    96
   15    99
    9   102
   11   106
    6   107
   11   112
   10   114
   14   116
   13   119
    3   124
   12   125
   15   127
   12   131
   16   133
   13   136
   13   139
   13   142
   12   145
   13   149
   14   152
   15   154
   14   157
   16   160
   18   163
   13   166
    9   168
   26   171
   16   174
   16   177
   16   180
   15   182
   18   185
   16   187
   15   190
   16   193
   17   196
   20   199
   17   203
   17   206
   17   209
   18   212
   18   214
   18   217
   15   219
    9   221
   12   224
   12   227
   16   230
   10   233
   16   235
   18   238
   13   241
   23   244
   24   246
   19   248
   20   251
   21   253
   19   256
    8   260
   15   263
   13   266
   21   268
   18   271
   17   274
   16   277
   19   280
   14   283
   14   285
    9   287
   17   292
   14   295
   16   298
   16   301
   16   303
   20   306
   11   309
   18   312
   20   314
   17   317
   16   319
   15   322
   18   324
   31   327
    9   330
   19   332
   15   335
   17   337
   19   340
   22   342
   17   345
   18   347
   19   350
   21   353
    6   354
   11   357
   21   362
   20   364
   18   368
   21   370
   16   373
   22   376
   22   378
   18   381
   21   384
   21   386
   21   389
   20   391
   22   394
   22   396
   12   398
   23   401
   22   404
   20   406
   21   409
   19   412
   20   414
   29   419
   20   421
   19   424
   22   426
   23   429
   22   431
   21   433
   22   435
   20   438
   18   441
   15   444
   16   446
   23   448
   24   451
   23   453
   25   456
   25   458
   25   461
   24   464
   25   466
   26   469
   23   472
   27   474
   26   476
   27   479
   24   481
   27   483
   24   486
   23   488
   25   491
   25   493
   27   495
   29   498
   26   500
   25   503
   28   505
   29   507
   20   510
   39   512
   31   515
   24   518
   28   520
   29   522
   25   524
   27   526
   23   529
   25   531
   25   534
   35   536
   27   538
   26   540
   28   542
   28   544
   25   546
   26   549
   29   551
   29   553
   28   556
   29   558
   29   560
   32   562
   32   564
   28   567
   30   569
   33   571
   25   573
   31   576
   15   579
   30   581
   30   583
   29   586
   30   588
   29   591
   30   593
   27   596
   33   598
   31   600
   31   602
   29   605
   29   607
   26   609
   28   612
   29   615
   31   617
   30   620
   33   622
   33   625
   39   628
   35   631
   32   633
   34   636
   31   638
   33   641
   36   643
   31   645
   33   647
   35   649
   32   652
   37   655
   34   657
   36   659
   35   661
   34   663
   36   665
   37   668
   30   670
   38   672
   37   674
   36   676
   38   678
   27   680
   38   683
   38   685
   39   687
   39   689
   40   692
   41   694
   17   696
   34   699
   36   701
   41   703
   40   706
   38   708
   41   710
   31   713
   39   715
   42   717
   40   719
   43   722
   40   724
   42   726
   42   728
   41   730
   42   732
   42   734
   36   736
   39   738
   45   740
   32   743
   46   745
   36   747
   39   749
   44   752
   41   754
   37   756
   47   759
   39   761
   41   763
   42   766
   46   767
   45   770
   44   772
   44   773
   42   775
   44   777
   47   779
   45   781
   50   783
   42   785
   44   787
   46   789
   35   791
   43   794
   49   796
   50   798
   45   800
   50   802
   34   804
   46   806
   54   807
   52   809
   46   811
   49   813
   47   816
   52   818
   54   819
   46   822
   45   824
   45   827
   44   829
   47   831
   47   833
   45   835
   54   837
   49   839
   53   841
   42   844
   45   846
   47   848
   41   851
   49   853
   47   855
   49   857
   49   859
   39   861
   47   863
   51   865
   49   867
   46   870
   49   872
   50   874
   51   875
   49   877
   56   879
   38   881
   46   884
   51   886
   52   887
   53   889
   47   891
   51   893
   34   896
   50   897
   50   899
   55   901
   57   903
   41   905
   59   907
   60   909
   67   910
   64   912
   57   914
   54   915
   57   917
   61   919
   55   921
   59   922
   57   924
   61   926
   52   928
   56   930
   60   931
   63   933
   65   935
   63   936
   52   938
   74   939
   69   941
   44   943
   55   944
   61   947
   54   949
   65   950
   59   952
   66   953
   60   955
   60   957
   58   959
   57   961
   62   962
   57   964
   71   966
   67   968
   60   969
   43   971
   70   972
   73   974
   61   975
   51   977
   63   979
   66   980
   63   982
   43   984
   35   987
   64   989
   57   991
   76   993
   74   994
   64   996
   56   997
   50   999
   57  1001
   65  1003
   77  1004
   64  1006
   68  1007
   63  1009
   75  1011
   66  1013
   64  1014
   67  1015
   49  1017
   75  1018
   65  1019
   19  1020
   64  1021
   50  1022
   58  1024
   77  1026
   76  1027
   80  1028
   77  1030
   71  1032
   69  1033
   65  1035
   67  1036
   70  1038
   73  1040
   66  1041
   66  1043
   74  1044
   68  1046
   71  1048
   80  1049
   72  1050
   77  1052
   68  1054
   76  1055
   77  1057
   75  1058
   69  1060
   82  1061
   81  1062
   71  1064
   79  1065
   57  1067
   75  1068
   92  1069
   76  1071
   73  1072
   88  1073
   88  1074
   92  1075
   88  1077
   78  1078
   91  1079
   80  1080
   78  1082
   83  1083
   74  1084
   71  1086
   73  1087
   70  1088
   68  1090
   74  1091
   67  1093
   71  1094
   63  1096
   65  1097
   68  1099
   65  1101
   69  1102
   68  1104
   65  1106
   72  1107
   67  1109
   67  1110
   69  1112
   63  1114
   59  1116
   63  1117
   46  1119
   62  1121
   59  1123
   61  1124
   67  1126
   63  1128
   57  1130
   56  1131
   59  1133
   65  1135
   54  1137
   58  1139
   58  1141
   59  1142
   56  1144
   50  1146
   48  1148
   52  1150
   56  1151
   59  1154
   44  1156
   46  1158
   46  1159
   46  1161
   44  1163
   46  1165
   49  1167
   53  1169
   41  1171
   40  1173
   43  1175
   43  1176
   45  1178
   44  1180
   40  1182
   39  1184
   47  1186
   50  1187
   37  1189
   32  1192
   49  1194
   41  1196
   40  1198
   39  1200
   38  1202
   44  1204
   40  1206
   34  1208
   40  1210
   44  1212
   29  1215
   51  1217
   35  1219
   35  1221
   33  1224
   42  1225
   37  1227
   40  1229
   43  1232
   39  1234
   34  1236
   41  1237
   34  1239
   36  1241
   38  1243
   41  1244
   34  1246
   35  1248
   41  1250
   40  1251
   42  1253
   35  1255
   37  1257
   34  1259
   42  1261
   34  1263
   40  1265
   40  1267
   17  1269
   35  1272
   33  1274
   38  1276
   31  1278
   35  1281
   38  1283
   36  1285
   34  1287
   37  1289
   39  1291
   54  1294
   29  1296
   33  1297
   32  1299
   28  1301
   30  1303
   34  1305
   36  1306
   31  1308
   32  1310
   35  1312
   30  1314
   32  1315
   27  1317
   27  1319
   30  1321
   38  1323
   17  1326
   28  1328
   40  1330
   36  1332
   33  1334
   35  1336
   37  1338
   29  1340
   32  1342
   30  1344
   26  1347
   26  1349
   23  1351
   30  1353
   28  1356
   30  1358
   30  1360
   31  1362
   32  1364
   29  1366
   30  1369
   27  1371
   25  1373
   24  1375
   20  1378
   32  1381
   34  1383
   33  1385
   32  1387
   34  1389
   33  1391
   35  1393
   28  1395
   29  1397
   32  1399
   42  1402
