   15     1
    8     5
    8     9
    7    12
    7    15
    8    18
    9    22
    9    25
    8    29
    8    32
    7    37
    6    42
    8    46
   12    49
    5    55
    8    59
    8    63
    5    68
    8    71
    4    74
    8    78
   14    83
    8    86
    7    90
    7    94
    5    97
    8   100
   10   102
    8   106
    8   109
    8   112
   10   114
   11   117
   11   119
   13   121
   15   123
   15   126
   10   129
    9   131
    9   132
   13   135
   10   137
   10   141
   12   143
    6   144
   12   147
   11   149
   12   152
   13   157
   12   159
   13   161
   10   164
   12   166
   11   169
   12   172
   10   174
   17   176
    7   181
   12   183
   11   185
   10   189
   12   192
   11   196
   12   198
   12   201
   12   203
   12   206
   12   209
   11   213
   10   216
   14   219
   14   221
   13   224
   15   226
   13   229
   15   231
   14   234
   12   237
   12   241
    3   244
   11   247
   15   250
   15   253
   15   257
   12   260
   13   263
   13   266
   13   269
   16   271
   14   274
   11   277
    8   283
   12   286
   15   289
   15   293
   16   296
   15   298
   16   300
   16   303
   14   305
   16   308
   14   311
   16   313
   15   316
   14   318
   15   320
   15   323
   16   326
   14   328
    6   333
    3   335
   16   337
   21   341
   15   344
   18   346
   18   349
   19   352
   17   355
   15   357
   17   360
   18   362
   17   364
   17   367
   19   369
   18   371
   19   373
   16   376
   11   380
   15   383
   16   386
   19   389
   21   391
   16   395
   15   398
   19   400
   17   403
   18   406
   18   408
   16   411
   18   414
   19   416
   20   419
   21   421
   14   425
   24   427
   22   429
   20   431
   20   434
   22   436
   22   439
   23   441
   21   443
   23   445
   23   447
   17   450
   24   452
   25   454
   22   457
   14   459
   45   460
   23   462
   25   464
   18   466
   26   469
   26   471
   17   473
   20   476
   27   478
   27   480
   26   482
   24   485
   34   486
   30   488
   29   489
   24   492
   24   494
   25   496
   24   499
   33   500
   24   503
   26   505
   23   507
   25   509
   25   511
   21   515
   23   517
   25   519
   28   521
   28   523
   28   525
   27   527
   28   529
   26   531
   27   533
   30   535
   28   537
   29   539
   33   541
   33   543
   29   545
   30   547
   29   549
   27   551
   30   553
   30   555
   39   557
   43   558
   42   560
   38   562
   41   564
   46   565
   46   567
   49   568
   45   570
   36   572
   37   573
   42   575
   38   577
   40   578
   41   580
   34   582
   22   585
   23   587
   35   589
   39   591
   37   592
   36   594
   36   596
   32   598
   26   600
   36   602
   34   604
   35   606
   36   607
   33   609
   25   612
   31   614
   31   616
   31   618
   30   620
   31   622
   29   624
   19   627
   31   629
   29   631
   28   633
   28   635
   26   637
   27   639
   21   642
   29   644
   20   648
   22   650
   29   652
   28   655
   28   657
   25   659
   24   661
   25   664
   24   666
   24   669
   21   671
   23   674
   27   676
   24   678
   24   680
   24   683
   23   685
   24   687
   25   690
   11   693
   16   697
   26   700
   28   702
   18   705
   25   707
   24   709
   23   711
   21   714
   22   716
   21   718
   13   722
   25   724
   30   726
   25   728
   22   730
   22   732
   22   735
   23   737
   19   740
   16   743
   24   745
   23   747
   22   749
   22   752
   23   754
   20   756
   12   760
   16   764
   23   766
   24   768
   24   770
   21   773
   21   775
   21   778
   20   780
   22   782
   19   785
   20   787
   21   789
   20   791
   19   794
   20   796
   14   800
   21   802
   21   805
   20   807
   20   810
   22   812
   20   814
   19   817
   19   819
   20   822
   18   825
   20   827
   18   830
   11   834
   20   837
   19   839
   17   842
   22   844
   20   847
   22   849
   21   851
   20   853
   18   856
   19   859
   20   861
   20   863
   13   866
   21   868
   20   871
   19   873
   21   876
   18   878
   19   880
   13   884
   16   888
   21   890
   19   893
   19   896
   19   898
   20   900
   15   904
   19   906
   20   909
   19   911
   19   913
   18   916
   19   918
   19   920
   18   923
   18   925
   13   929
   20   931
   19   934
   20   936
   15   940
   20   943
   19   945
   20   947
   19   950
   19   952
   17   955
   18   957
   20   959
   17   962
   17   964
