    6     3
    7     7
    7    10
    7    14
    9    18
    8    23
   10    26
    8    30
    7    34
    7    38
    7    41
    8    45
   10    49
    8    52
    7    56
    9    59
    8    63
    8    67
    7    71
    7    75
    8    78
    9    82
    7    85
    7    90
    7    94
    7    97
    6   101
    7   105
    7   108
    5   113
    9   117
    9   120
    9   123
    9   126
   15   129
   13   132
   11   135
   11   137
   10   140
   13   143
   10   147
   12   150
   14   153
   12   156
   15   159
   12   162
   14   165
   14   167
   14   170
   13   173
   13   176
   14   182
   11   184
    6   188
    9   191
   17   194
   17   197
   15   200
   11   204
   14   207
   14   210
   14   213
   12   216
   15   219
   15   221
   15   224
   14   227
   14   230
   10   234
   13   237
   15   240
   15   243
   14   246
   14   249
   13   251
   15   254
   15   257
   15   260
   12   263
   16   266
   15   269
   16   272
   15   275
   14   277
   14   280
   15   283
   15   286
   15   289
   15   291
   15   294
   13   297
   14   300
   13   302
   14   305
   13   308
   14   309
   13   313
   14   317
   13   320
   13   323
   16   326
   15   329
   17   333
   17   336
   15   339
   13   341
   14   344
   16   347
   15   350
   16   353
   15   355
   14   358
   23   363
   13   366
   11   369
   14   371
   17   374
   18   376
   17   379
   17   382
   12   385
   17   388
   17   391
   19   394
   13   397
   15   400
   13   403
   18   405
   21   409
   16   412
   19   414
   16   417
   16   420
   17   422
   16   425
   17   427
   17   430
   17   433
   17   436
   16   439
   15   442
   20   445
   20   448
   17   451
   19   453
   20   456
   19   459
   19   462
   19   464
   20   467
   19   469
   15   473
   26   477
   15   480
   19   483
   20   485
   22   488
   21   491
   20   493
   20   496
   20   498
   22   500
   25   504
   23   506
   21   509
   22   511
   22   513
   21   516
   19   519
   21   522
   24   525
   25   527
   23   530
   24   532
   22   535
   23   537
   22   539
   24   542
   24   545
   20   548
   23   551
   19   555
   21   558
   19   561
   31   564
   26   567
   25   569
   23   571
   26   574
   25   576
   27   578
   28   580
   24   583
   28   585
   28   588
   26   590
   25   593
   24   596
   30   598
   30   601
   28   603
   30   605
   31   607
   31   610
   30   612
   30   614
   32   616
   31   619
   28   622
   33   625
   28   627
   26   629
   35   631
   29   634
   33   636
   27   639
   27   642
    8   644
   40   647
   34   649
   35   651
   32   654
   32   656
   32   658
   31   660
   31   662
   35   665
   34   667
   33   669
   35   671
   33   673
   36   675
   34   678
   29   680
   39   683
   40   685
   36   687
   33   689
   38   691
   36   694
   42   696
   28   698
   38   700
   39   703
   39   705
   37   707
   38   709
   37   711
   34   713
   42   716
   32   718
   40   720
   39   722
   40   724
   42   726
   40   728
   41   730
   35   732
   41   734
   43   737
   30   739
   42   741
   41   743
   44   745
   32   747
   40   749
   42   752
   38   755
   39   757
   39   759
   40   761
   43   763
   47   765
   33   767
   43   769
   46   771
   32   774
   45   775
   43   777
   43   779
   47   780
   49   782
   41   784
   48   786
   43   788
   44   789
   43   791
   49   793
   46   795
   42   797
   48   799
   48   801
   47   802
   41   804
   39   806
   49   808
   50   810
   53   812
   51   814
   49   815
   47   817
   51   819
   48   820
   54   822
   53   823
   52   825
   54   827
   54   829
   53   830
   50   832
   49   834
   52   836
   49   838
   47   839
   48   841
   54   843
   43   845
   48   847
   44   849
   47   851
   46   853
   47   854
   37   857
   33   859
   44   861
   46   863
   41   865
   46   867
   47   869
   46   871
   44   873
   45   875
   45   878
   40   879
   30   882
   44   884
   44   886
   42   888
   39   890
   41   892
   38   894
   39   896
   39   898
   36   900
   38   902
   34   904
   34   907
   37   909
   38   911
   37   913
   35   914
   36   916
   36   918
   35   920
   34   923
   34   925
   34   927
   33   929
   32   931
   32   933
   33   935
   33   937
   31   939
   28   942
   31   944
   29   946
   32   948
   31   950
   29   952
   29   954
   28   956
   27   958
   27   960
   27   962
   25   965
   28   967
   29   969
   27   971
   27   973
   27   975
   27   977
   27   979
   27   982
   25   984
   26   986
   25   988
   25   991
   25   993
   26   995
   26   997
   18  1000
   21  1003
   21  1005
   26  1007
   24  1009
   22  1012
   21  1014
   22  1017
   19  1019
   20  1021
   23  1024
   23  1026
   22  1029
   21  1031
   14  1035
   21  1037
   21  1040
   20  1042
   23  1044
   17  1047
   22  1049
   19  1052
   22  1054
   23  1056
   22  1058
   23  1060
   15  1063
   24  1065
   23  1068
   24  1070
   22  1072
   22  1074
   21  1077
   22  1079
   19  1082
   15  1084
   21  1087
   19  1089
   20  1092
   20  1094
   20  1097
   21  1099
   18  1102
   17  1104
   18  1107
   21  1109
   21  1112
   19  1114
   17  1116
   19  1119
   19  1121
   20  1124
   26  1129
   13  1131
   12  1135
   18  1137
   21  1140
   19  1142
   16  1145
   16  1148
   18  1150
   20  1152
   19  1154
   19  1157
   19  1159
   15  1162
   18  1165
    7  1166
   18  1168
   24  1170
   22  1173
   20  1175
   19  1177
   17  1180
   14  1182
   17  1185
   17  1187
   17  1190
   18  1192
   14  1195
