   12     3
   12     5
   11     8
   10    12
    9    16
    8    20
   12    24
   10    27
   11    31
   13    34
   14    38
   11    42
   13    44
    9    50
   13    53
   12    56
   12    60
    9    63
   14    67
   19    71
   13    75
   11    79
    8    83
   14    87
   12    92
   14    96
   12    99
   10   104
   10   107
   13   111
   19   113
    9   116
   12   119
   14   122
   15   124
   13   127
   12   130
   15   133
   15   136
   16   139
   15   142
   17   145
   15   148
   16   153
   16   156
   15   159
   16   162
   15   165
   18   168
   19   170
   21   172
   15   176
   16   179
   17   182
   18   185
   15   189
   18   191
   17   194
   16   197
   15   200
   17   203
   17   206
   17   209
   15   212
   17   215
   16   218
   16   221
   16   224
   19   227
   19   229
   17   232
   19   235
   20   238
   19   240
   20   243
   18   245
   19   248
   20   251
   19   254
   21   256
   21   259
   18   261
   18   264
   17   267
   19   270
   19   273
   18   276
   18   279
   17   281
   23   284
   15   287
   19   290
   19   293
   18   296
   18   299
   20   302
   18   305
   19   307
   20   310
   18   313
   17   316
   20   319
   18   322
   19   325
   19   328
   19   331
   21   333
   19   336
   19   339
   18   342
   19   345
   18   348
   19   350
   19   353
   18   357
   18   359
   20   362
   16   365
   21   367
   20   370
   19   372
   21   375
   20   378
   23   381
   20   383
   20   386
   22   389
   22   392
   22   394
   24   396
   26   399
   22   401
   23   404
   20   407
   23   409
   21   412
   23   415
   21   417
   21   420
   22   422
   23   425
   21   427
   20   430
   22   433
   24   435
   24   438
   24   441
   22   444
   21   447
   21   450
   24   452
   23   455
   23   458
   16   461
   20   464
   24   466
   25   469
   23   471
   22   474
   24   477
   27   479
   22   482
   26   484
   23   487
   22   490
   22   493
   24   495
   25   498
   27   500
   24   503
   26   505
   26   507
   29   510
   28   512
   29   515
   27   517
   27   519
   29   522
   29   524
   27   527
   29   529
   30   531
   29   534
   27   536
   29   538
   31   540
   33   542
   30   544
   29   547
   27   549
   29   551
   28   553
   23   556
   29   559
   30   561
   29   563
   27   565
   18   569
   15   570
   29   573
   24   575
   32   577
   31   579
   29   581
   29   583
   31   586
   28   588
   33   590
   38   593
   35   595
   36   597
   32   599
   31   601
   34   603
   33   605
   36   607
   34   609
   31   611
   28   613
   34   615
   26   618
   27   620
   27   623
   35   625
   35   627
   37   629
   33   631
   35   633
   30   635
   36   637
   35   639
   38   641
   32   643
   40   645
   39   647
   39   649
   37   651
   41   653
   39   655
   36   657
   36   659
   41   661
   35   663
   35   665
   40   667
   37   669
   35   671
   35   674
   39   675
   40   677
   42   679
   40   681
   35   683
   38   685
   28   688
   30   690
   38   692
   39   694
   42   696
   39   698
   40   700
   35   702
   34   704
   33   707
   33   709
   37   711
   38   712
   42   714
   40   716
   35   718
   32   720
   39   722
   43   724
   42   726
   38   728
   42   730
   43   732
   41   734
   41   736
   42   737
   42   739
   41   741
   45   743
   41   745
   41   747
   43   749
   38   750
   41   752
   45   754
   42   756
   46   757
   38   759
   47   761
   42   763
   46   765
   45   766
   40   768
   46   770
   43   772
   41   774
   34   776
   47   778
   44   780
   46   781
   46   783
   49   784
   44   786
   45   788
   41   790
   48   791
   40   793
   46   795
   46   797
   43   799
   44   800
   40   802
   45   804
   44   806
   43   808
   44   810
   47   811
   36   813
   39   815
   46   817
   41   818
   47   820
   47   822
   45   824
   42   826
   44   828
   42   830
   47   832
   23   834
   49   836
   50   837
   44   839
   53   841
   51   843
   49   844
   50   846
   47   847
   52   849
   48   851
   44   853
   48   854
   52   856
   43   858
   51   859
   49   861
   44   863
   49   864
   52   866
   47   868
   53   869
   53   871
   56   872
   52   874
   52   876
   51   877
   50   879
   53   880
   51   882
   55   883
   52   885
   60   886
   55   888
   27   891
   62   892
   65   894
   65   895
   60   897
   60   898
   65   899
   64   901
   60   902
   61   904
   66   905
   59   906
   62   908
   58   909
   61   911
   64   913
   63   914
   63   915
   58   917
   53   918
   60   920
   64   921
   59   923
   55   924
   57   926
   49   927
   60   929
   58   930
   62   932
   59   933
   57   935
   55   936
   57   938
   44   939
   58   941
   56   942
   50   944
   56   945
   61   947
   38   949
   56   950
   60   951
   53   953
   61   954
   64   956
   60   957
   60   958
   60   960
   53   961
   60   963
   52   964
   65   966
   65   967
   55   968
   63   970
   60   971
   63   973
   58   974
   63   976
   62   977
   49   979
   62   980
   64   982
   65   983
   63   984
   62   986
   56   987
   68   989
   57   990
   64   992
   62   993
   66   995
   66   996
   68   997
   44  1000
   39  1002
   65  1004
   63  1005
   67  1006
   63  1008
   65  1009
   66  1010
   63  1012
   69  1013
   63  1015
   66  1016
   55  1017
   60  1019
   62  1020
   60  1022
   60  1023
   66  1024
   69  1026
   70  1027
   69  1028
   78  1029
   84  1031
   72  1032
   66  1033
   74  1035
   67  1036
   72  1037
   32  1040
   57  1042
   55  1043
   60  1045
   66  1046
   61  1048
   64  1050
   65  1051
   54  1053
   57  1055
   53  1057
   51  1058
   57  1060
   59  1062
   61  1063
   59  1065
   59  1066
   61  1068
   63  1070
   61  1071
   63  1073
   58  1074
   57  1076
   58  1078
   51  1080
   54  1081
   57  1083
   54  1084
   62  1086
   60  1087
   54  1088
   58  1090
   57  1091
   60  1093
   59  1094
   51  1096
   52  1098
   59  1099
   59  1101
   56  1102
   57  1104
   56  1105
   55  1107
   51  1109
   50  1110
   57  1112
   60  1114
   50  1116
   54  1117
   59  1119
   57  1121
   56  1123
   59  1125
   55  1127
   58  1129
   52  1130
   56  1132
   57  1134
   52  1136
   55  1137
   54  1139
   53  1141
   49  1143
   49  1144
   47  1146
   45  1148
   46  1150
   46  1151
   45  1153
   50  1155
   52  1157
   49  1159
   41  1161
   41  1163
   45  1165
   41  1167
   35  1169
   40  1171
   40  1173
   38  1175
   39  1177
   40  1179
   39  1180
   39  1182
   37  1184
   39  1186
   40  1188
   39  1190
   42  1192
   34  1194
   32  1196
   41  1198
   37  1200
   36  1202
   38  1204
   36  1206
   38  1208
   34  1210
   32  1212
   35  1214
   34  1216
   35  1219
   35  1221
   33  1223
   32  1226
   32  1228
   35  1230
   32  1233
   30  1235
   31  1237
   38  1239
   33  1241
   32  1243
   32  1246
   33  1248
   36  1250
   33  1252
   36  1255
   31  1257
   33  1259
   33  1263
   26  1265
   28  1267
   28  1270
   30  1272
   31  1275
   31  1277
   31  1279
   30  1281
   30  1284
   28  1286
   31  1288
   28  1290
   28  1293
   34  1295
   34  1297
   28  1299
   28  1301
   30  1303
   34  1306
   29  1308
   29  1310
   26  1312
   29  1315
   30  1317
   33  1319
   29  1321
   28  1324
   29  1326
   26  1328
   29  1331
   30  1333
   29  1335
   29  1338
   30  1340
   26  1342
   27  1345
   29  1347
   31  1349
   29  1352
   29  1354
   32  1356
   31  1358
   33  1360
   31  1363
   28  1365
   28  1368
   29  1370
   29  1372
   31  1374
