   14     4
    5    10
    7    13
    6    16
    8    20
    7    23
    9    26
    9    30
    9    33
   10    37
    8    40
    9    45
   17    51
    7    54
    3    60
    4    64
    4    68
    7    73
    8    76
    9    80
   10    84
   13    90
    9    94
    5    98
    5   101
    5   105
    7   108
    8   112
   11   116
   10   120
   13   123
   12   126
   15   129
   16   132
   20   138
   12   141
   11   145
    8   148
   10   151
   10   157
   13   160
   13   164
   13   168
   16   172
   14   175
   15   176
   11   179
   13   181
   20   183
    8   186
   20   190
   20   193
   14   196
   10   203
   10   206
   12   209
   11   212
   13   216
   12   219
   13   222
   13   224
   16   228
   17   230
   20   238
   16   240
    9   244
    8   247
   10   251
   14   254
   14   256
   17   259
   18   262
   16   265
   16   268
   13   272
   16   275
   11   279
   15   282
   13   286
   17   288
   15   291
   17   295
   13   299
   13   302
   13   305
   12   310
   20   313
   17   315
   13   319
   14   322
   15   325
   13   328
    9   332
   12   334
   16   336
   11   340
   26   345
   20   347
   14   352
   18   355
   18   358
   16   360
   15   363
   17   366
   17   369
   14   373
   13   378
   15   381
   16   384
   17   389
   13   393
   15   396
   18   400
   17   404
   14   407
   19   411
   17   414
   15   418
   18   421
   19   425
   17   428
   21   432
   33   435
   15   440
   15   443
   16   446
   15   449
   26   452
   20   455
   30   459
   20   463
   16   466
   17   469
   17   471
   18   475
   20   478
   20   483
   24   485
   19   489
   21   492
   21   495
   21   499
   22   502
   24   505
   26   508
   23   511
   28   514
   24   517
   23   520
   14   524
   27   527
   25   530
   26   533
   23   537
   25   540
   24   543
   26   546
   21   549
   28   554
   23   557
   23   560
   25   563
   21   565
   29   568
   34   573
   25   576
   26   580
   26   583
   24   587
   26   590
   24   593
   28   596
   29   599
   36   602
   26   606
   26   609
   29   612
   29   615
   44   618
   29   621
   30   623
   29   626
   27   629
   30   632
   30   635
   30   638
   26   641
   32   642
   27   643
   27   646
   36   648
   38   651
   36   654
   33   657
   31   660
   28   663
   27   666
   28   669
   28   671
   34   674
   36   678
   32   681
   32   684
   34   687
   34   690
   36   692
   50   696
   37   698
   36   701
   31   704
   34   707
   33   710
   33   713
   36   715
   35   718
   38   721
   34   724
   42   726
   37   729
   35   732
   36   735
   37   738
   35   740
   36   743
   35   745
   32   748
   38   751
   54   754
   36   756
   43   759
   42   761
   32   764
   44   766
   41   769
   38   772
   45   774
   46   777
   35   779
   39   782
   44   784
   44   786
   48   789
   39   791
   50   793
   43   795
   44   798
   48   800
   47   802
   47   805
   38   807
   37   809
   44   812
   56   814
   48   816
   47   819
   48   821
   46   824
   44   825
   41   828
   50   829
   60   832
   48   835
   59   836
   48   839
   55   840
   52   842
   50   844
   56   847
   47   849
   52   851
   50   853
   49   856
   47   858
   46   860
   50   863
   48   865
   56   868
   50   870
   49   872
   55   874
   45   877
   54   879
   54   881
   47   884
   49   886
   51   888
   55   890
   56   892
   58   895
   57   897
   53   899
   51   901
   53   903
   52   905
   53   907
   56   909
   55   911
   55   914
   54   915
   53   917
   55   920
   61   922
   59   924
   57   926
   55   928
   57   930
   52   932
   56   934
   56   936
   60   938
   53   940
   52   942
   62   945
   55   947
   61   948
   61   950
   59   952
   65   954
   55   956
   58   958
   57   960
   58   962
   66   964
   65   965
   67   967
   66   969
   59   971
   65   973
   66   975
   72   976
   65   978
   79   979
   79   981
   67   982
   72   984
   72   986
   72   987
   75   989
   52   991
   78   993
   72   995
   65   996
   64   998
   64  1000
   70  1002
   71  1004
   72  1005
   74  1007
   73  1009
   69  1010
   70  1012
   74  1014
   73  1015
   68  1017
   68  1019
   65  1021
   67  1023
   64  1024
   63  1026
   67  1028
   63  1030
   62  1032
   67  1034
   64  1036
   63  1038
   65  1040
   63  1042
   68  1044
   68  1046
   64  1047
   63  1049
   58  1052
   59  1054
   62  1056
   60  1058
   60  1060
   58  1062
   61  1064
   60  1066
   62  1068
   61  1070
   60  1072
   53  1074
   52  1076
   51  1079
   49  1081
   55  1083
   61  1085
   57  1088
   52  1090
   25  1093
   63  1095
   52  1097
   48  1099
   56  1101
   51  1104
   48  1106
   41  1109
   42  1111
   45  1113
   47  1116
   45  1118
   43  1120
   50  1122
   47  1125
   43  1127
   44  1129
   49  1131
   39  1134
   44  1136
   45  1137
   44  1139
   37  1141
   37  1144
   43  1146
   32  1149
   43  1151
   44  1153
   45  1156
   43  1158
   45  1160
   43  1163
   41  1165
   42  1167
   44  1169
   41  1172
   39  1174
   41  1176
   38  1178
   42  1180
   36  1183
   44  1185
   39  1187
   38  1190
   39  1192
   43  1196
   34  1198
   32  1200
   33  1202
   29  1204
   35  1206
   37  1208
   36  1210
   35  1213
   38  1215
   38  1217
   39  1219
   39  1221
   42  1223
   35  1225
   35  1228
   42  1229
   41  1231
   39  1233
   41  1234
   39  1236
   41  1238
   37  1240
   35  1242
   37  1244
   33  1247
   37  1249
   35  1251
   36  1253
   36  1255
   33  1257
   34  1259
   41  1262
   42  1263
   39  1266
   35  1268
   34  1270
   33  1272
   28  1275
   37  1277
   35  1280
   36  1282
   36  1284
   34  1286
   32  1288
   34  1291
   34  1293
   34  1295
   32  1298
   31  1300
   29  1303
   28  1305
   28  1307
   29  1310
   30  1312
   41  1315
   33  1317
   34  1319
   33  1321
   29  1324
   26  1326
   30  1328
   31  1330
   28  1332
   22  1335
   29  1337
   33  1339
   33  1341
   30  1343
   35  1344
   18  1345
   37  1348
   29  1350
