    8     2
   12     5
   12     7
   13    10
   18    12
    4    13
   16    17
   15    20
   15    22
   13    25
   20    27
    4    30
   14    34
   23    37
   21    39
   17    42
   18    44
   15    46
   13    48
   14    51
   12    53
   15    55
   13    57
   12    59
   13    61
   13    64
    7    69
   12    72
   13    74
   11    77
   17    79
   17    81
   15    83
   15    86
    9    88
   12    91
   10    93
    3    96
   11   102
   12   105
   14   108
   13   111
   16   113
   25   116
   26   118
   25   120
   25   122
   21   124
   21   126
   21   128
   20   130
   19   133
   21   135
   20   137
   19   139
   19   141
   20   143
   19   145
   19   147
   19   150
    9   154
   18   156
   21   158
   21   161
   22   163
   25   166
   23   168
   22   170
   22   172
   22   174
   23   176
   23   179
   23   181
   23   183
   24   185
   25   187
   23   189
   13   193
   16   197
   21   200
   24   202
   24   204
   24   206
   24   208
   26   210
   23   212
   13   216
   19   219
   22   221
   24   223
   24   224
   24   226
   26   228
   26   230
   26   232
   26   234
   25   236
   24   238
   23   240
   21   242
   22   244
   20   247
   20   249
   18   251
   20   254
   19   256
   15   260
   14   264
   22   266
   26   269
   26   271
   26   273
   26   276
   26   278
   24   280
   22   283
   25   285
   26   287
   25   289
   24   291
   26   293
   23   295
   21   298
   23   300
   22   302
   23   304
   17   307
   14   312
   22   314
   23   316
   25   319
   26   321
   25   323
   24   325
   22   327
   22   329
   25   331
   22   334
   22   336
   23   338
   22   341
    7   343
   11   346
   36   349
   29   351
   29   353
   29   355
   29   357
   27   360
   27   362
   30   364
   30   366
   29   368
   28   370
   26   372
   27   374
   27   376
   25   378
   27   380
   24   382
   24   384
   23   387
   24   389
   25   391
   29   393
   27   395
   27   397
   27   399
   30   401
   29   403
   28   405
   30   407
   28   409
   33   411
   32   413
   29   415
   16   419
   28   421
   29   423
   27   425
   33   427
   37   429
   34   431
   35   433
   33   435
   35   436
   39   438
   35   440
   33   442
   32   444
   35   446
   36   448
   35   449
   28   452
   29   454
   33   456
   33   458
   35   460
   36   462
   37   463
   35   465
   39   467
   40   469
   39   470
   37   472
   39   474
   39   476
   40   478
   38   479
   30   482
   35   483
   35   485
   31   487
   30   490
   40   491
   40   493
   45   495
   47   496
   44   498
   45   500
   43   501
   42   503
   28   505
   18   509
   43   511
   45   513
   49   514
   50   516
   50   517
   50   519
   45   521
   51   522
   46   524
   46   525
   49   527
   44   528
   42   530
   43   532
   44   533
   46   535
   46   536
   43   538
   42   539
   46   541
   43   542
   46   544
   45   546
   44   547
   46   549
   46   550
   20   553
   46   555
   45   556
   49   558
   53   559
   47   561
   46   562
   50   564
   51   565
   51   567
   48   568
   45   570
   45   572
   48   573
   52   575
   53   576
   49   577
   51   579
   50   581
   58   582
   55   583
   54   585
   58   586
   50   588
   51   589
   49   590
   58   592
   56   593
   53   595
   57   596
   56   597
   55   599
   53   600
   55   601
   55   603
   62   604
   56   606
   53   607
   56   608
   56   610
   56   611
   55   613
   54   614
   53   615
   60   617
   57   618
   60   619
   59   621
   62   622
   59   623
   59   625
   54   626
   57   627
   62   629
   63   630
   64   631
   56   633
   44   634
   59   636
   59   637
   59   638
   63   640
   63   641
   61   643
   60   644
   59   645
   61   647
   61   648
   71   649
   65   651
   69   652
   65   653
   64   654
   69   656
   63   657
   67   658
   72   659
   71   661
   72   662
   72   663
   67   664
   59   666
   67   667
   69   668
   54   670
   27   672
   30   674
   70   675
   70   676
   71   678
   70   679
   75   680
   80   681
   73   683
   80   684
   78   685
   84   686
   79   687
   71   688
   78   690
   74   691
   71   692
   85   693
   78   694
   77   696
   78   697
   77   698
   82   699
   81   700
   79   701
   77   703
   72   704
   76   705
   76   706
   80   708
   83   709
   75   710
   73   711
   83   712
   80   713
   80   715
   86   716
   75   717
   77   718
   83   719
   91   720
   90   722
   83   723
   90   724
   88   725
   83   726
   88   727
   87   728
   83   729
   82   731
   82   732
   83   733
   87   734
   90   735
   93   736
   94   737
   89   738
   75   739
   74   741
   90   742
   91   743
   96   744
   91   745
   93   746
   92   747
   90   748
   90   749
   91   750
   91   751
   94   752
   93   753
   95   754
   92   755
   88   757
   96   757
   90   759
   95   760
   96   761
   98   761
  100   762
   95   763
   98   764
   96   765
  100   766
   94   767
   97   768
   98   769
   97   770
  100   771
  101   772
   97   773
  100   774
   97   775
  101   776
   98   777
   97   778
   99   779
   95   780
   97   781
   92   782
   87   783
   86   785
   85   786
   92   787
   94   788
   92   789
   92   790
   87   791
   91   792
   94   793
   87   794
   88   795
   90   796
   89   797
   84   798
   85   799
   88   800
   87   801
   80   802
   80   803
   69   805
   75   806
   82   807
   80   808
   76   809
   74   810
   76   811
   77   812
   82   813
   78   814
   62   816
   66   817
   68   819
   66   820
   67   821
   60   823
   67   824
   61   826
   61   827
   18   831
   39   834
   45   836
   60   837
   61   839
   57   841
   60   842
   55   844
   56   845
   57   847
   56   848
   56   850
   52   851
   55   853
   52   854
   53   856
   52   857
   54   859
   32   860
   42   861
   47   863
   30   864
   53   866
   52   867
   54   869
   55   870
   51   872
   32   874
   33   877
   45   878
   47   880
   44   881
   47   883
   46   885
   44   886
   52   888
   47   889
   47   891
   44   893
   43   894
   41   896
   38   898
   40   900
   42   901
   39   903
   42   905
   38   906
   40   908
   44   910
   41   911
   41   913
   42   915
   44   916
   47   918
   45   919
   43   921
   42   922
   43   924
   44   926
   42   927
   41   929
   38   931
   39   932
   44   934
   43   935
   36   937
   42   939
   41   940
   42   942
   41   944
   42   945
   40   947
   39   949
   40   950
   42   952
   39   954
   42   955
   40   957
   42   958
   42   960
   39   961
   36   963
   41   965
   44   966
   38   968
   39   970
   37   971
   43   973
   41   974
   45   976
   45   977
   39   979
   42   981
   41   982
   39   984
   37   986
   40   987
   39   989
   39   991
   43   992
   41   994
   41   995
   42   997
   44   998
   43  1000
   42  1002
   38  1003
   16  1006
   22  1010
   42  1012
   45  1013
   42  1015
   48  1017
   46  1018
   44  1020
   46  1021
   50  1023
   44  1024
   44  1026
   44  1027
   45  1029
   41  1030
   45  1032
   40  1033
   42  1035
   43  1036
   40  1038
   40  1039
   42  1041
   41  1042
   38  1044
   42  1046
   40  1047
   43  1049
   43  1050
   37  1052
   38  1053
   38  1055
   39  1057
   41  1058
   41  1060
   48  1061
   42  1062
   41  1064
   38  1065
   40  1067
   37  1068
   39  1070
   35  1071
   36  1073
   36  1075
   35  1076
   34  1078
   35  1080
   36  1081
   34  1083
   35  1085
   37  1086
   35  1088
   36  1090
   37  1091
   34  1093
   34  1095
   36  1097
   36  1098
   37  1100
   22  1103
   18  1106
   29  1108
   47  1110
   48  1111
   47  1113
   49  1114
   48  1116
   46  1117
   35  1119
