   15     1
    8     5
   13     9
   10    13
    9    17
    8    21
   11    24
   19    28
    9    31
   12    35
   12    39
   10    44
    8    47
    7    51
    7    54
    9    58
    7    61
    9    65
   10    68
    8    71
   12    76
   11    79
    9    83
   10    87
    9    91
   10    95
    9    99
    4   103
   11   107
    9   110
   11   113
   10   116
   13   120
   16   124
   17   128
   18   131
   18   135
   20   138
   10   143
   25   145
   19   149
   16   153
   17   156
   14   160
   17   163
   15   166
   19   170
   16   174
   14   177
   16   181
   17   184
   18   188
   18   191
   17   195
   17   198
   13   203
   18   207
   23   209
   21   212
   18   216
   16   219
   15   222
   18   225
   19   228
   17   231
   20   234
   23   237
   19   241
   17   244
   20   247
   20   251
   21   255
   19   258
   19   261
   19   265
   16   268
   20   271
   16   274
   22   276
   17   280
   17   283
   21   286
   19   289
   28   292
   20   295
   20   299
   18   302
   20   306
   18   308
   19   311
   21   313
   21   317
   20   320
   21   324
   16   327
   18   331
   23   334
   21   337
   20   341
   18   344
   20   347
   22   351
   21   355
   21   358
   23   361
   20   364
   24   367
   21   371
   30   373
   24   377
   16   382
   29   385
   28   388
   28   391
   27   394
   26   397
   26   400
   20   403
   22   406
   20   409
   22   412
   22   415
   25   418
   26   420
   28   423
   29   426
   20   430
   28   432
   26   435
   25   439
   24   441
   29   444
   28   447
   26   451
   27   453
   32   456
   31   459
   30   462
   31   465
   32   467
   28   470
   33   473
   32   476
   35   478
   27   481
   30   484
   32   487
   34   489
   29   492
   30   495
   32   498
   29   501
   31   504
   32   506
   36   509
   35   511
   37   513
   30   517
   36   519
   34   521
   31   524
   34   526
   33   528
   30   531
   32   533
   32   536
   31   538
   28   541
   29   544
   35   546
   32   548
   32   551
   27   554
   30   557
   34   559
   38   561
   36   564
   34   567
   37   570
   32   573
   36   576
   32   579
   36   581
   36   584
   38   586
   34   589
   34   591
   34   594
   41   596
   35   599
   37   601
   34   604
   37   607
   36   610
   32   614
   34   617
   35   620
   34   623
   34   626
   43   628
   27   632
   38   634
   39   636
   35   639
   43   642
   43   644
   35   647
   39   650
   43   652
   43   654
   42   657
   36   660
   42   662
   40   664
   37   667
   40   669
   36   672
   43   674
   28   678
   46   680
   45   682
   44   684
   37   687
   43   689
   39   692
   42   694
   38   697
   37   699
   39   702
   37   705
   42   708
   44   710
   48   712
   50   714
   52   716
   54   718
   54   720
   47   723
   50   725
   45   727
   51   729
   47   732
   55   734
   54   736
   52   738
   49   740
   51   742
   51   744
   47   747
   53   749
   53   751
   53   754
   56   756
   53   758
   61   760
   52   762
   51   764
   51   766
   46   769
   54   771
   44   774
   53   776
   52   778
   51   780
   51   782
   51   785
   58   787
   51   789
   54   791
   53   794
   61   795
   66   797
   58   799
   61   802
   58   804
   70   806
   68   807
   67   809
   63   811
   51   813
   62   816
   66   817
   63   819
   50   822
   62   824
   66   825
   57   828
   59   830
   51   832
   64   834
   51   837
   57   839
   64   841
   54   843
   56   846
   51   848
   60   851
   52   853
   65   855
   68   857
   65   859
   70   860
   67   862
   61   864
   67   866
   57   868
   59   870
   61   872
   53   874
   57   876
   57   878
   59   880
   52   882
   53   884
   62   886
   50   888
   53   890
   41   893
   51   895
   51   897
   51   899
   47   901
   51   904
   52   906
   51   908
   48   910
   46   913
   47   915
   49   917
   50   919
   48   921
   51   923
   48   925
   43   928
   45   930
   44   932
   47   935
   46   937
   51   939
   45   941
   43   943
   46   945
   46   948
   42   950
   38   952
   44   955
   44   957
   44   959
   45   961
   42   963
   41   966
   39   968
   40   970
   35   973
   21   977
   30   980
   38   982
   44   985
   40   987
   43   989
   43   992
   42   994
   46   996
   39   999
   40  1001
   40  1003
   38  1006
   35  1009
   40  1011
   42  1013
   35  1015
   37  1018
   38  1021
   37  1023
   36  1026
   35  1028
   36  1031
   36  1033
   36  1036
   34  1038
   34  1041
   35  1043
   39  1046
   35  1048
   35  1051
   35  1053
   30  1055
   37  1057
   36  1059
   35  1061
   34  1063
   32  1066
   36  1068
   35  1071
   34  1073
   32  1076
   34  1078
   35  1080
   34  1083
   37  1085
   31  1088
   32  1090
   33  1093
   36  1096
   36  1098
   33  1100
   32  1103
   35  1105
   35  1107
   12  1108
   54  1110
   41  1112
   36  1114
   34  1116
   33  1118
   34  1121
   34  1123
   34  1125
   35  1127
   31  1129
   32  1131
   28  1133
   28  1136
   29  1139
   18  1141
   29  1144
   34  1146
   38  1148
   36  1151
   35  1153
   34  1156
   34  1159
   32  1161
   30  1164
   32  1166
   35  1168
   34  1170
   31  1172
   35  1174
   34  1177
   32  1179
   30  1181
   29  1184
   27  1186
   21  1189
   18  1192
