    8     2
    8     4
    9     8
   14    11
    7    15
   11    19
   12    22
   10    25
   10    28
   10    31
   11    33
   12    38
    7    42
    8    46
   11    49
    9    54
    9    57
    5    61
   11    65
   11    68
    9    72
   10    75
    9    79
    9    83
    8    87
   15    91
    9    95
   11    98
    8   101
   12   106
    9   111
   11   115
   14   117
   10   120
   10   123
   12   126
   11   129
   20   133
   14   136
   13   139
   14   143
   22   147
   14   149
   19   151
   14   155
   14   158
   12   161
   11   164
   12   167
   14   170
   14   173
   17   177
   14   180
    9   183
   16   185
   13   188
   15   191
   13   194
   16   197
   16   199
   15   202
   16   206
   13   209
   13   213
   14   217
   17   220
   14   224
   15   227
   19   229
   18   233
   17   237
   21   241
   20   245
   19   248
   20   252
   15   256
   14   259
   13   264
   14   267
   14   270
   17   274
   21   279
   15   283
   16   286
   16   289
   16   293
   20   296
   16   298
   16   301
   18   304
   15   307
   13   310
   12   313
   16   316
   16   319
   19   322
   14   326
   22   330
   17   334
   24   337
   18   340
   17   344
   19   349
   16   353
   14   356
   18   359
   19   362
   20   364
   18   368
   22   373
   14   376
   19   380
   18   383
   20   387
   19   390
   21   393
   21   396
   20   399
   19   402
   17   406
   20   409
   20   412
   16   415
   20   419
   19   422
   20   425
   16   429
   23   433
   21   435
   21   439
   20   442
   20   445
   20   448
   22   452
   25   455
   22   458
   20   462
   19   466
   25   469
   22   472
   23   474
   21   478
   24   481
   23   484
   23   487
   24   490
   22   493
   22   496
   24   500
   20   503
   20   507
   25   510
   22   512
   24   515
   24   518
   26   521
   23   524
   30   528
   14   531
   21   535
   28   538
   25   541
   27   543
   27   546
   31   548
   28   551
   23   554
   26   558
   23   561
   22   564
   20   567
   27   570
   28   573
   30   576
   27   579
   28   583
   30   586
   29   589
   35   592
   29   595
   32   597
   30   600
   24   604
   25   608
   30   610
   28   614
   26   617
   30   620
   31   624
   29   627
   34   630
   27   633
   32   636
   33   638
   32   640
   34   643
   27   646
   30   649
   38   652
   27   656
   37   658
   36   660
   33   663
   33   665
   32   668
   35   670
   35   673
   35   675
   30   679
   34   682
   29   685
   34   688
   42   690
   47   692
   34   694
   33   696
   32   699
   28   701
   30   705
   33   707
   36   709
   37   712
   37   714
   39   717
   34   720
   33   723
   34   725
   35   728
   42   730
   41   733
   41   735
   42   737
   35   740
   34   743
   38   746
   36   748
   39   751
   33   754
   37   756
   47   758
   47   760
   31   764
   45   767
   42   769
   45   771
   42   774
   45   776
   39   779
   38   781
   40   784
   41   786
   43   788
   42   791
   41   794
   41   796
   42   799
   36   802
   38   805
   39   807
   39   810
   39   812
   34   815
   39   818
   43   820
   49   823
   44   825
   46   828
   44   830
   35   834
   43   836
   57   839
   44   841
   42   844
   44   846
   42   849
   43   852
   47   854
   42   857
   44   859
   49   862
   46   864
   51   866
   49   869
   51   871
   44   874
   46   876
   50   879
   47   881
   43   884
   44   886
   57   889
   47   892
   54   894
   43   897
   50   899
   58   902
   45   904
   43   906
   47   908
   44   910
   41   913
   39   916
   43   918
   50   920
   43   922
   59   924
   56   927
   43   931
   46   933
   51   935
   55   938
   56   940
   48   942
   58   945
   53   947
   55   949
   51   951
   55   954
   55   956
   44   959
   52   962
   59   964
   58   967
   52   969
   59   971
   56   973
   59   975
   55   977
   47   980
   59   982
   61   984
   48   987
   53   989
   55   992
   65   994
   59   996
   61   998
   61  1000
   66  1001
   56  1004
   61  1006
   63  1008
   64  1010
   58  1012
   64  1014
   59  1016
   69  1018
   65  1020
   55  1022
   53  1025
   61  1027
   47  1029
   46  1032
   55  1034
   57  1037
   58  1039
   38  1042
   61  1044
   52  1047
   51  1049
   43  1053
   42  1055
   43  1058
   36  1062
   49  1064
   51  1067
   42  1070
   41  1072
   42  1075
   40  1078
   37  1081
   35  1084
   42  1087
   43  1089
   31  1093
   39  1095
   39  1098
   44  1100
   40  1103
   40  1105
   41  1108
   30  1111
   31  1114
   31  1117
   36  1120
   37  1123
   34  1125
   33  1128
   27  1132
   33  1134
   36  1137
   29  1140
   32  1143
   35  1146
   29  1149
   32  1151
   32  1154
   22  1158
   34  1161
   22  1165
   27  1168
   22  1172
   29  1174
   31  1177
   30  1180
   34  1183
   39  1185
   35  1187
   26  1190
   29  1193
   28  1196
   26  1198
   34  1202
   27  1204
   19  1208
   34  1210
   30  1213
   26  1216
   28  1218
   28  1221
   27  1224
   25  1227
   30  1229
   21  1233
   20  1236
   25  1240
   29  1243
   29  1245
   28  1248
   28  1251
   30  1253
   28  1256
   24  1259
   26  1263
   26  1266
   25  1269
   19  1272
   21  1275
   26  1278
   26  1281
   28  1284
   20  1288
   24  1291
   25  1294
   24  1297
   23  1300
   26  1303
   25  1306
   29  1309
   27  1311
   24  1314
   23  1317
   21  1322
   19  1325
   21  1329
   20  1332
   32  1335
   24  1338
   25  1342
   23  1345
   21  1348
   26  1350
   23  1353
   23  1356
   18  1360
   27  1363
   21  1365
   21  1369
   33  1373
   16  1376
   19  1379
