   15     2
   10     6
    6    11
    6    15
    9    19
   10    23
    7    27
    9    31
   10    35
   12    39
    4    42
    9    46
    9    51
   10    55
   17    61
   11    64
    6    66
    2    69
   11    77
   10    81
    9    85
   10    88
   10    92
    9    96
    5   100
    8   104
    6   108
    2   111
    9   116
   13   119
   13   122
   16   125
   15   128
   16   131
   11   135
    7   138
   13   141
   13   144
   11   147
   16   150
   11   152
    7   155
   14   158
   18   160
   14   164
   10   169
   16   172
   18   174
   17   177
   16   180
   18   183
   12   186
   17   189
   16   192
    9   195
   20   198
   18   201
   17   203
   16   206
   19   209
   18   212
   18   215
   14   218
   21   220
   18   223
   20   226
   19   229
   19   231
   18   234
   12   237
   18   240
   19   243
   18   246
   20   248
   20   251
   19   254
   16   258
   19   261
   20   264
   18   266
   18   269
   20   272
   21   275
   19   278
   20   281
   19   283
   19   286
   17   289
   19   292
   16   295
   17   298
   18   300
   20   303
   19   306
   19   309
   18   311
   19   314
   19   317
   19   320
   13   324
   16   326
   13   331
   16   334
   17   337
   20   340
   23   344
   19   347
   26   351
   22   353
   21   356
   19   359
   15   362
   20   365
   22   368
   19   370
   19   373
   20   375
   23   378
   23   380
   22   383
   21   385
   15   389
   20   391
   16   395
   26   398
   28   401
   24   403
   22   406
   26   409
   23   412
    4   414
   23   418
   14   422
   22   425
   27   427
   25   430
   25   433
   25   435
   26   438
   25   441
   23   443
   24   446
   13   447
   18   450
    9   451
   32   453
   29   455
   27   458
   25   461
   26   464
   27   467
   28   469
   28   472
   22   475
   29   477
   28   480
   30   482
   30   485
   24   488
   18   492
   31   494
   29   497
   29   499
   29   502
   31   504
   30   507
   29   510
   29   512
   29   515
   29   518
   30   520
   29   523
   29   525
   24   528
   29   530
   34   533
   30   536
   31   538
   27   541
   27   544
   30   546
   31   549
   33   551
   29   554
   32   556
   24   559
   34   562
   30   565
   34   567
   36   570
   24   572
   15   575
   22   578
   18   580
   37   582
   39   585
   36   587
   28   590
   32   592
   32   595
   29   597
   35   599
   35   602
   32   604
   34   606
   33   608
   33   611
   31   613
   31   615
   34   618
   33   620
   38   622
   36   625
   38   627
   38   630
   35   632
   38   635
   35   637
   30   640
   34   643
   32   645
   32   648
   39   650
   38   653
   39   655
   39   657
   38   660
   37   662
   36   665
   36   667
   38   669
   37   672
   37   674
   24   677
   31   680
   30   683
   37   686
   18   687
   33   689
   26   691
   35   693
   39   695
   34   697
   41   699
   42   701
   46   703
   42   705
   42   707
   42   709
   36   711
   42   713
   42   715
   43   717
   46   719
   47   721
   47   723
   43   726
   43   728
   43   730
   45   732
   46   734
   46   736
   45   738
   45   740
   44   742
   46   744
   45   746
   43   748
   43   750
   42   752
   45   754
   42   756
   42   758
   39   761
   46   763
   43   765
   44   767
   46   769
   47   771
   47   773
   44   775
   43   777
   43   779
   45   781
   47   783
   46   786
   32   788
   37   790
   32   793
   49   795
   40   797
   33   800
   55   802
   52   804
   51   805
   47   807
   49   809
   46   811
   48   813
   46   815
   48   817
   48   819
   48   820
   47   822
   52   824
   44   826
   43   828
   47   830
   48   832
   51   834
   49   836
   49   838
   52   840
   44   842
   56   844
   55   846
   53   847
   45   849
   48   851
   46   853
   47   855
   52   857
   52   859
   53   860
   53   862
   54   864
   53   866
   52   867
   52   869
   53   871
   50   873
   51   875
   53   877
   51   879
   53   880
   50   882
   50   884
   52   886
   52   888
   52   890
   30   891
   41   894
   46   895
   52   897
   47   899
   51   901
   48   903
   44   905
   48   907
   54   908
   45   910
   48   912
   54   913
   53   915
   43   917
   44   918
   51   920
   52   921
   53   923
   55   924
   44   926
   51   928
   53   929
   52   931
   54   932
   49   934
   45   936
   50   937
   52   939
   48   941
   50   942
   53   944
   51   945
   55   947
   55   949
   49   951
   55   952
   53   954
   58   955
   57   957
   57   959
   52   960
   51   962
   42   964
   49   966
   46   968
   52   969
   54   971
   51   972
   54   974
   58   975
   51   977
   42   979
   51   980
   48   982
   53   984
   58   985
   55   987
   57   989
   53   990
   50   992
   41   994
   53   996
   46   998
   46   999
   54  1001
   56  1003
   47  1004
   51  1006
   53  1008
   56  1009
   45  1011
   56  1013
   56  1014
   56  1016
   55  1017
   53  1019
   53  1020
   51  1022
   50  1023
   49  1025
   48  1027
   49  1028
   49  1030
   53  1032
   48  1033
   48  1035
   49  1037
   49  1039
   43  1041
   41  1043
   48  1044
   50  1046
   46  1048
   45  1050
   46  1052
   47  1054
   34  1056
   45  1058
   46  1060
   48  1062
   50  1063
   49  1065
   46  1067
   43  1069
   44  1071
   47  1072
   46  1074
   45  1076
   44  1078
   44  1080
   29  1083
   43  1085
   44  1086
   43  1088
   32  1091
   40  1093
   43  1095
   30  1098
   48  1100
   47  1102
   43  1104
   43  1106
   42  1108
   42  1110
   41  1112
   41  1114
   40  1116
   41  1118
   40  1120
   39  1122
   40  1124
   39  1126
   38  1128
   40  1131
   39  1133
   40  1135
   38  1137
   37  1139
   37  1141
   38  1143
   37  1145
   36  1147
   35  1150
   25  1153
   35  1156
   38  1158
   34  1160
   40  1162
   34  1165
   38  1167
   36  1169
   37  1172
   36  1174
   37  1176
   29  1179
   20  1182
   28  1185
   33  1188
   30  1190
   36  1192
   36  1194
   35  1196
   36  1198
   36  1200
   18  1202
   29  1206
   36  1208
   32  1211
   36  1213
   34  1215
   33  1217
   33  1220
   31  1222
   32  1224
   26  1227
   24  1231
   32  1233
   31  1235
   30  1238
   30  1240
   30  1242
   30  1245
   29  1247
   30  1250
   28  1252
   26  1255
   28  1257
   28  1259
   29  1262
   28  1264
   19  1266
   30  1269
   29  1272
   29  1274
   29  1276
   28  1279
   30  1281
   29  1283
   30  1285
   26  1288
   30  1289
   21  1292
   30  1295
   28  1297
   27  1300
   29  1302
   31  1304
   20  1307
   26  1309
   21  1312
   24  1314
   21  1318
   21  1319
   32  1321
   31  1325
   26  1327
   25  1329
   26  1332
   20  1335
   26  1338
   30  1340
   28  1342
