   30     1
   21     4
   15     6
   19     8
   20    10
   19    12
   16    14
   14    17
   13    19
   15    21
   14    23
    6    28
   11    30
   25    33
   17    36
   32    41
    5    47
    9    49
   13    52
   12    55
   11    58
   11    60
    9    62
   12    65
   11    67
   13    69
   11    72
   12    74
   12    77
   13    80
   14    82
   14    85
   16    88
   16    90
   16    93
   17    96
   16    98
   17   100
   12   103
   12   107
   15   110
   14   113
   13   115
   13   117
   14   121
   19   123
   16   126
   17   128
   17   131
   16   134
   18   137
   20   140
   20   143
   20   145
   11   150
   22   152
   20   155
   18   158
   20   160
   19   163
   19   166
   17   169
   19   171
   20   174
    7   180
   22   183
   19   186
   19   189
   20   192
   21   194
   19   197
   20   200
   23   203
   22   205
   21   208
   11   212
   23   214
   22   217
   20   220
   22   223
   20   225
   19   228
   21   231
   20   233
   21   236
   22   239
   21   241
   20   244
   19   247
   17   250
   17   253
   17   256
   18   259
   19   262
   17   265
   23   268
   23   270
   22   273
   22   276
   23   279
   22   281
   22   284
   22   287
   16   290
   23   293
   22   296
   20   299
   20   301
   20   304
   20   307
   20   310
   20   312
   22   315
   22   317
   23   320
   22   323
   22   325
   23   328
   22   331
   21   334
   18   337
   20   339
   21   342
   21   345
   23   348
   23   350
   23   353
   18   356
   21   359
   24   361
   24   364
   25   367
   24   369
   23   372
   23   374
   24   377
   23   380
   23   383
   24   385
   13   390
   22   392
   23   395
   16   397
   23   400
   22   403
   21   405
   22   408
   20   410
   13   414
   28   417
   29   419
   26   422
   26   424
   27   427
   29   429
   26   432
   27   435
   33   437
   30   439
   28   442
   21   445
   27   447
   24   450
   27   453
   27   455
   16   459
   12   462
   26   464
   30   466
   32   468
   31   471
   23   473
   28   476
   28   478
   32   480
   29   483
   20   487
   33   489
   29   492
   29   494
   27   497
   31   500
   26   504
   35   506
   36   509
   34   511
   34   513
   32   516
   38   519
   32   521
   33   523
   33   526
   26   528
   24   530
   36   533
   20   536
   28   539
   39   541
   34   543
   38   545
   34   547
   31   550
   36   552
   35   554
   38   556
   18   561
   40   563
   34   565
   41   569
   37   571
   36   573
   35   575
   33   577
   16   580
   40   583
   44   584
   40   586
   36   588
   39   590
   40   593
   38   595
   40   597
   35   599
   39   601
   36   603
   40   605
   36   607
   34   609
   36   611
   20   615
   39   617
   39   619
   41   621
   42   623
   41   625
   37   627
   36   630
   30   634
   31   638
   37   640
   34   643
   35   646
   40   648
   38   650
   43   653
   42   655
   29   658
   44   660
   42   662
   41   664
   44   666
   48   668
   46   671
   45   673
   25   676
   46   678
   45   680
   51   682
   42   684
   41   686
   44   688
   42   690
   52   692
   42   694
   44   696
   39   698
   44   700
   45   703
   43   705
   42   707
   44   710
   37   712
   49   714
   44   716
   48   719
   30   722
   39   725
   46   728
   44   730
   45   732
   47   734
   51   736
   53   738
   50   739
   52   741
   28   745
   55   747
   52   749
   47   750
   52   752
   52   754
   49   756
   47   759
   51   761
   27   763
   60   765
   53   767
   56   769
   52   771
   49   773
   55   775
   52   777
   54   779
   58   780
   58   782
   53   784
   48   786
   52   788
   52   790
   42   793
   59   795
   61   796
   63   798
   58   800
   63   801
   60   803
   36   806
   68   808
   57   810
   58   812
   57   814
   44   816
   60   818
   50   820
   29   823
   70   825
   68   826
   66   828
   56   830
   55   832
   56   834
   51   836
   53   838
   56   840
   59   842
   57   844
   57   846
   38   849
   68   850
   61   852
   67   854
   71   856
   68   857
   69   859
   59   861
   56   863
   55   865
   64   866
   63   869
   40   871
   72   873
   66   875
   60   876
   66   878
   67   879
   46   882
   79   883
   91   885
   79   886
   99   887
   93   889
   87   890
   81   892
   70   893
   72   895
   36   897
   83   899
   82   900
   94   902
   83   903
   71   905
   66   907
   42   909
   77   911
   72   912
   87   913
   99   914
   97   916
   99   917
  103   918
  108   919
   90   921
   90   922
   89   923
   74   925
   88   926
   79   928
   76   930
   80   931
   80   933
   77   934
   97   936
   78   937
   75   939
   73   941
   71   942
   81   944
   82   945
   82   947
   74   948
   75   950
   72   952
   83   953
   78   954
   84   956
   84   957
   43   960
   80   962
   93   963
   81   964
   75   966
  110   967
   97   968
   82   970
   94   971
   65   973
   80   974
   62   976
   64   978
   34   981
   72   983
   69   984
   63   986
   62   988
   66   990
   65   991
   64   993
   28   996
   77   998
   65   999
   67  1001
   62  1003
   59  1005
   59  1007
   60  1009
   61  1011
   59  1013
   56  1015
   54  1017
   55  1019
   55  1021
   58  1023
   54  1025
   61  1026
   65  1029
   59  1031
   55  1033
   56  1035
   56  1037
   58  1038
   45  1040
   42  1042
   48  1044
   21  1048
   51  1050
   47  1052
   47  1054
   49  1056
   54  1058
   47  1060
   49  1062
   49  1064
   47  1066
   48  1068
   49  1071
   55  1073
   50  1074
   45  1075
   37  1077
   74  1078
   54  1079
   31  1082
   49  1084
   44  1086
   18  1089
   48  1091
   48  1093
   43  1095
   42  1097
   40  1100
   42  1102
   39  1104
   39  1106
   42  1108
   44  1110
   25  1114
   38  1116
   38  1119
   46  1121
   42  1123
   44  1125
   40  1127
   39  1129
   39  1131
   36  1134
   40  1136
   43  1138
   48  1140
   39  1142
   41  1144
   38  1146
   39  1148
   40  1150
   40  1152
   39  1155
   38  1157
   40  1159
   37  1161
   24  1165
   31  1168
   25  1170
   35  1172
   48  1174
   34  1176
   35  1178
   40  1180
   22  1183
   32  1187
   39  1189
   38  1191
   38  1193
   33  1195
   38  1197
   35  1200
   38  1202
   36  1205
   36  1207
   36  1209
   35  1212
   24  1215
   32  1217
   31  1220
   31  1222
   29  1224
   33  1227
   34  1229
   34  1232
   34  1234
   35  1237
   33  1239
   33  1242
   36  1244
   36  1246
   36  1248
   37  1251
   36  1253
   34  1256
   37  1258
   34  1260
   34  1263
   37  1265
   32  1267
   36  1270
   34  1272
   35  1274
   32  1277
   36  1279
   33  1282
   34  1284
   34  1286
   16  1290
   33  1293
