   13     1
    9     4
    9     7
   11    10
   11    13
   12    16
   11    19
   12    22
   15    25
   15    28
   14    31
   11    34
   12    37
   12    41
   12    44
   14    47
   12    50
   14    53
   12    56
   12    59
   11    62
   11    66
   10    69
   10    72
   10    75
   10    78
   10    81
   11    84
   11    88
   12    91
   11    94
   12    97
   22   101
   14   104
   10   108
    8   111
    9   116
    7   118
    6   121
    9   123
   13   126
   21   129
   25   131
   23   134
   26   136
   24   139
   22   141
   19   144
   17   146
   14   149
   16   151
   15   154
   12   157
   14   159
   16   162
   18   164
   19   167
   18   170
   19   173
   18   175
   19   178
   18   181
   20   183
   21   186
   20   188
   21   190
   19   193
   19   195
   19   198
   17   201
   17   203
   23   206
   22   208
   21   211
   20   213
   22   215
   22   218
   22   220
   22   223
   22   226
   21   228
   18   231
   19   233
   16   236
   22   239
   21   241
   22   244
   22   246
   25   248
   25   251
   24   253
   24   256
   25   258
   20   261
   19   263
   20   266
   21   268
   20   271
   22   273
   21   275
   24   278
   22   281
   22   283
   23   286
   22   288
   22   290
   21   293
   21   296
   20   298
   21   301
   19   303
   21   306
   22   308
   22   311
   25   313
   26   315
   23   318
   23   320
   22   323
   22   325
   19   328
   23   330
   23   333
   22   335
   22   338
   23   340
   24   343
   24   345
   23   348
   23   350
   25   353
   25   355
   24   358
   23   360
   23   363
   25   365
   25   368
   23   370
   24   373
   24   375
   26   377
   25   380
   25   382
   25   385
   23   387
   25   389
   23   392
   27   394
   26   397
   28   399
   28   401
   24   403
   28   406
   25   408
   30   411
   24   413
   29   416
   30   418
   30   420
   29   422
   30   425
   28   427
   30   430
   29   432
   29   434
   27   437
   29   439
   34   442
   29   444
   29   447
   30   448
   29   451
   28   453
   32   455
   30   457
   29   459
   28   461
   33   463
   31   466
   30   468
   32   470
   34   472
   35   474
   35   476
   35   478
   34   481
   34   483
   33   485
   35   487
   36   489
   37   491
   35   493
   36   495
   36   497
   36   499
   37   501
   37   503
   37   505
   35   507
   36   509
   36   511
   37   513
   40   515
   40   517
   40   519
   40   521
   41   523
   38   525
   38   527
   40   529
   40   531
   38   533
   41   535
   42   537
   41   539
   39   542
   39   544
   41   546
   43   547
   37   549
   37   552
   41   554
   44   556
   44   557
   44   559
   43   561
   46   563
   44   565
   45   567
   45   569
   43   571
   46   573
   46   575
   45   577
   45   579
   37   581
   42   583
   41   585
   41   587
   39   589
   39   591
   45   593
   47   595
   47   597
   42   598
   43   600
   44   602
   46   604
   44   606
   45   608
   47   610
   47   612
   46   613
   44   615
   45   618
   44   619
   47   621
   44   623
   48   625
   48   627
   43   629
   43   631
   48   633
   43   636
   53   637
   49   639
   50   641
   50   643
   52   645
   50   646
   50   648
   55   650
   53   651
   49   653
   51   655
   46   657
   51   659
   56   660
   58   662
   56   664
   54   665
   57   667
   57   669
   55   670
   57   672
   55   673
   53   675
   51   677
   54   679
   57   680
   55   682
   54   683
   56   685
   64   686
   53   688
   53   689
   54   691
   59   693
   57   694
   54   696
   54   698
   51   699
   55   701
   54   702
   53   704
   52   706
   54   708
   55   709
   58   711
   57   713
   55   714
   54   716
   55   717
   56   719
   60   721
   60   722
   56   724
   59   725
   57   727
   53   728
   57   730
   56   731
   54   733
   58   735
   55   736
   55   738
   56   740
   54   741
   50   743
   55   744
   53   746
   54   748
   52   750
   52   752
   49   753
   49   755
   52   757
   46   759
   49   761
   50   763
   47   765
   49   767
   47   769
   47   771
   48   772
   48   774
   49   776
   49   778
   49   780
   50   782
   47   784
   45   786
   46   788
   47   790
   47   792
   47   794
   46   796
   47   798
   46   799
   45   801
   46   803
   46   805
   46   807
   44   809
   42   811
   42   813
   43   815
   43   817
   43   819
   44   822
   44   824
   45   826
   43   828
   42   830
   40   832
   41   834
   41   836
   43   838
   43   840
   40   842
   40   844
   39   846
   37   849
   39   851
   40   853
   37   855
   39   857
   41   860
   39   862
   39   864
   38   866
   41   868
   39   870
   37   873
   38   875
   36   877
   35   879
   34   881
   35   884
   37   886
   36   888
   37   890
   35   893
   37   895
   36   897
   34   899
   39   901
   35   904
   33   906
   35   908
   32   911
   32   913
   33   915
   35   917
   36   920
   33   922
   34   924
   35   926
   31   929
   33   931
   33   933
   34   935
   37   937
   31   940
   29   942
   31   944
   33   947
   34   949
   33   951
   33   954
   31   956
   32   958
   29   961
   32   963
   33   965
   32   967
   31   970
   33   972
   34   974
   33   977
   31   979
   29   981
   29   984
   29   986
   31   988
   32   991
   31   993
   31   995
   31   998
   33  1000
   30  1002
   31  1005
   35  1007
   30  1009
   28  1012
   29  1014
   27  1017
   29  1019
   28  1021
   29  1024
   30  1026
   31  1028
   29  1031
   29  1033
   28  1035
   28  1038
   27  1040
   25  1042
   26  1045
   28  1047
   30  1050
   29  1052
   32  1054
   30  1057
   31  1059
   31  1061
   28  1063
   29  1066
   30  1068
   30  1070
   30  1073
   26  1075
   25  1077
   26  1080
   27  1082
   28  1084
   27  1086
   25  1089
   26  1091
   29  1093
   29  1096
   30  1098
   29  1100
   14  1102
