   15     1
   10     4
   11     6
   10     9
    9    13
   11    16
   10    19
   10    21
   10    24
   10    27
   11    30
   10    33
   10    36
   12    38
   12    41
   11    44
   11    46
   11    49
    9    52
   12    55
   14    57
   14    61
   11    63
   10    66
   12    69
   10    72
   11    75
   13    78
   11    81
   12    84
   10    86
   21    90
   14    93
   10    96
   10    99
    9   102
   11   105
    8   108
    9   112
   13   115
   16   118
   17   120
   17   122
   12   124
   14   127
   14   129
   16   131
   13   134
   12   135
   17   138
   14   140
   14   143
   14   145
   14   148
   15   150
   15   152
   16   155
   16   157
   15   159
   16   162
   13   165
   13   168
   15   170
   17   173
   15   175
   14   178
   15   180
   15   182
   15   185
   16   187
   17   190
   11   192
   15   195
   20   197
   20   200
   19   202
   18   204
   18   206
   17   209
   16   211
   13   214
   19   217
   17   219
   13   223
   17   225
   17   228
   17   230
   18   232
   16   235
   18   237
   17   240
   15   242
   16   245
   17   247
   16   250
   18   252
   12   255
   16   258
   20   261
   19   263
   17   265
   16   268
   15   271
   15   273
   15   276
   17   278
   17   280
   18   283
   17   285
   15   288
   16   291
   17   293
   17   296
   15   298
   19   301
   19   303
   16   305
   16   308
   17   310
   15   313
   18   315
   18   317
   17   320
   16   322
   13   325
   16   328
   20   330
   18   333
   18   335
   18   338
   17   340
   17   342
   19   345
   19   347
   18   349
   19   352
   18   354
   19   356
   18   359
   18   361
   14   364
   18   366
   18   368
   14   371
   11   374
   19   377
   19   380
   21   382
   20   384
   22   387
   20   389
   17   391
   17   394
   20   396
   19   398
   19   401
   20   403
   18   406
   20   408
   20   411
   18   413
   19   416
   20   418
   21   421
   22   423
   23   425
   22   427
   20   430
   21   432
   20   434
   21   436
   20   439
   18   441
   15   444
   20   446
   23   448
   20   451
   21   453
   21   456
   17   458
   23   460
   25   463
   23   465
   26   468
   19   471
   26   472
   24   474
   25   476
   22   479
   25   481
   27   483
   23   485
   24   487
   22   489
   24   491
   22   494
   26   496
   27   498
   24   500
   23   502
   25   504
   25   506
   25   509
   27   511
   29   514
   27   516
   28   518
   25   520
   28   522
   21   525
   27   527
   25   529
   24   532
   27   534
   30   536
   24   538
   27   540
   22   542
   23   544
   29   546
   25   549
   27   551
   30   553
   30   555
   29   557
   20   559
   24   561
   26   564
   28   566
   29   568
   28   570
   31   573
   30   575
   26   577
   29   579
   28   581
   30   584
   29   586
   28   588
   26   590
   29   593
   29   595
   31   597
   31   599
   28   601
   28   604
   31   606
   32   608
   33   610
   30   612
   30   614
   34   616
   31   618
   31   620
   31   622
   34   624
   32   626
   33   628
   37   631
   14   634
   33   637
   33   638
   37   640
   37   642
   35   644
   37   646
   38   648
   36   650
   38   651
   38   653
   38   655
   32   657
   35   659
   37   661
   39   663
   37   665
   38   666
   35   668
   33   670
   31   672
   36   674
   39   676
   37   678
   37   680
   36   682
   36   684
   33   686
   38   688
   36   690
   36   692
   39   694
   41   696
   44   698
   40   699
   39   701
   45   703
   45   705
   44   706
   41   708
   41   710
   42   712
   40   714
   39   715
   40   717
   40   719
   43   721
   29   723
   41   725
   42   727
   47   729
   51   731
   51   733
   52   734
   51   736
   44   738
   47   740
   46   741
   42   743
   45   745
   44   747
   48   749
   46   750
   46   752
   49   754
   47   755
   42   757
   46   759
   46   761
   45   763
   48   764
   45   767
   44   768
   50   770
   48   772
   46   773
   50   775
   58   776
   50   778
   53   780
   50   781
   54   782
   44   784
   44   786
   33   788
   55   790
   60   791
   60   793
   56   794
   62   796
   62   797
   61   798
   54   800
   57   802
   54   803
   56   805
   51   806
   54   808
   54   809
   56   811
   57   812
   56   813
   54   815
   58   816
   56   818
   51   819
   56   821
   53   822
   54   825
   57   826
   63   828
   49   829
   53   831
   59   832
   58   834
   62   835
   56   837
   55   838
   56   840
   55   841
   56   843
   65   844
   61   846
   67   847
   58   849
   58   850
   68   851
   57   853
   61   854
   64   856
   61   857
   63   859
   66   860
   66   861
   67   863
   57   864
   57   866
   61   867
   53   869
   61   871
   60   872
   64   873
   58   875
   63   876
   61   878
   53   879
   63   881
   68   882
   69   883
   66   884
   61   886
   66   887
   64   889
   59   890
   68   892
   66   893
   69   895
   66   896
   70   897
   62   899
   61   900
   56   902
   56   903
   53   905
   48   907
   54   908
   53   909
   53   911
   50   913
   49   914
   50   916
   49   918
   48   919
   48   921
   46   923
   44   925
   45   926
   47   928
   34   930
   47   932
   51   934
   49   935
   52   937
   48   939
   46   940
   49   942
   45   944
   43   946
   49   948
   45   949
   49   951
   44   953
   44   955
   44   957
   41   958
   44   960
   43   962
   41   964
   41   965
   41   967
   44   969
   41   971
   41   973
   50   975
   32   978
   38   979
   42   981
   39   983
   41   985
   37   987
   37   989
   39   991
   40   992
   41   994
   39   996
   36   998
   43   999
   50  1003
   40  1005
   33  1007
   36  1009
   38  1011
   39  1012
   39  1014
   40  1016
   37  1018
   48  1020
   38  1021
   38  1023
   36  1025
   30  1027
   38  1028
   36  1030
   48  1032
   42  1033
   41  1035
   41  1037
   35  1039
   31  1041
   36  1043
   33  1044
   23  1047
   36  1049
   36  1051
   31  1053
   30  1055
   30  1057
   32  1059
   35  1060
   34  1062
   34  1064
   35  1066
   34  1068
   36  1070
   32  1072
   38  1074
   33  1075
   30  1077
   33  1079
   34  1081
   26  1083
   36  1086
   38  1087
   39  1089
   36  1091
   36  1093
   38  1094
   33  1096
   35  1098
   34  1100
   32  1102
   33  1103
   32  1106
   30  1109
   24  1111
   27  1113
   32  1115
   35  1117
   40  1119
   31  1121
   32  1123
   31  1125
   28  1127
   31  1129
   31  1131
   40  1134
   35  1136
   24  1137
   29  1139
   32  1141
   33  1142
   29  1144
   29  1146
   29  1148
   36  1149
   29  1151
   27  1153
   24  1155
   25  1157
   24  1159
   26  1160
   28  1162
   28  1164
   26  1166
   27  1168
   27  1170
   34  1172
   31  1174
   31  1175
   25  1178
   27  1180
   32  1182
   29  1184
   28  1186
   30  1187
   29  1189
   31  1191
   29  1193
   38  1195
   28  1197
   34  1198
   29  1200
   27  1202
   33  1204
   35  1205
   29  1207
   25  1209
   27  1211
   26  1213
   24  1215
   25  1217
   24  1219
   29  1221
   28  1223
   30  1224
   28  1226
