   11     2
    6     5
    5     9
    6    13
    8    16
    5    20
   10    23
   12    25
    8    28
    9    32
    9    35
    8    38
    7    42
    9    45
    6    48
    3    58
    9    61
   11    64
   10    67
    9    71
   11    74
   11    77
    8    80
    9    83
    8    86
    8    89
    9    93
    8    96
    7    99
    7   103
    7   106
   14   109
    8   112
   11   116
    4   118
   13   123
    8   126
    7   130
    7   134
   11   137
    9   140
   11   143
   13   146
   11   149
   13   152
   15   155
   13   158
   13   161
   16   163
   13   167
   13   170
   13   173
    9   177
   14   180
   11   183
   11   187
   12   189
   16   192
   16   195
   14   198
   15   201
   14   204
   11   208
   10   211
   14   215
   13   218
   14   220
   14   223
   14   227
   11   229
   18   233
   17   236
   18   238
   17   241
   20   244
   16   247
   22   249
   15   252
   16   256
   18   259
   14   262
   16   265
   19   268
   17   271
   16   273
   16   276
   21   279
   12   282
   16   285
   15   288
   13   291
   17   294
   18   297
   17   299
   15   302
    8   305
   14   309
   16   312
   18   315
   18   318
   18   321
   18   324
   18   326
   22   330
   14   332
   16   335
   14   338
   17   342
   18   345
   16   347
   16   350
   16   353
   18   356
   22   359
   21   361
   17   364
   19   366
   16   369
   15   372
   16   375
   16   378
   19   380
   16   383
   16   386
   16   389
   16   393
   21   395
   22   398
   18   401
   29   405
   24   407
   21   409
   24   411
   21   414
   20   417
   17   420
   16   423
   13   426
   24   429
   19   432
   23   434
   22   437
   22   440
   24   442
   24   445
   21   447
   25   450
   22   452
   25   455
   15   459
   24   463
   28   465
   25   468
   24   471
   24   473
   27   476
   24   478
   23   481
   25   483
   24   486
   25   489
   24   491
   25   494
   24   496
   23   499
   27   501
   26   504
   20   508
   26   510
   24   513
   27   515
   28   518
   12   521
   31   524
   29   526
   35   529
   24   532
   32   534
   28   537
   22   540
   26   542
   19   546
   30   549
   31   551
   35   554
   31   556
   29   558
   36   561
   33   564
   27   566
   26   569
   30   572
   40   575
   38   578
   33   581
   39   584
   34   587
   44   589
   40   590
   37   592
   40   594
   40   596
   40   598
   39   601
   38   603
   44   606
   41   608
   46   609
   43   611
   41   613
   42   615
   41   617
   41   619
   38   621
   42   624
   35   626
   36   628
   37   631
   34   633
   40   635
   42   637
   41   639
   42   641
   36   643
   34   646
   43   648
   44   650
   39   652
   50   654
   47   656
   49   657
   53   659
   51   661
   53   663
   51   665
   45   667
   47   669
   46   671
   52   673
   55   674
   45   677
   52   678
   44   680
   49   682
   39   685
   46   687
   42   690
   56   692
   46   695
   51   696
   47   698
   47   701
   52   702
   48   705
   59   707
   65   709
   60   710
   56   712
   60   714
   56   716
   55   718
   60   720
   45   722
   58   723
   46   725
   49   727
   43   730
   46   732
   44   734
   50   736
   64   738
   56   740
   59   742
   58   744
   51   746
   63   748
   60   750
   53   752
   56   753
   65   755
   63   757
   42   759
   57   761
   83   763
   68   765
   76   766
   60   768
   70   769
   71   771
   59   773
   78   775
   72   776
   69   778
   65   780
   55   781
   63   783
   65   785
   68   787
   55   789
   52   791
   51   793
   57   795
   60   797
   50   799
   55   801
   51   803
   57   806
   50   808
   48   810
   52   812
   50   815
   52   817
   50   819
   46   821
   51   823
   49   825
   46   828
   44   830
   47   832
   49   834
   49   836
   45   839
   44   841
   44   843
   49   845
   55   847
   41   850
   47   852
   41   854
   45   857
   41   859
   36   861
   36   863
   25   865
   21   867
   40   870
   34   872
