   10     3
    9     7
    9    10
   10    14
    4    17
   11    21
   12    24
   10    28
   12    32
   12    35
   10    39
   13    42
   24    47
    7    52
   17    55
    9    62
    9    66
    8    69
    9    73
    9    76
   11    79
    6    83
    8    88
   11    91
   11    95
   11    98
    6   102
   12   106
   12   109
   12   112
   18   115
   19   117
    9   120
   14   122
   14   125
   14   128
   20   131
   19   134
   11   136
   16   140
   19   143
   14   146
   14   149
   15   151
   17   154
   20   157
   21   159
   19   162
    9   165
   17   169
   19   172
   20   174
   22   177
   19   179
   18   182
   14   185
   15   188
   20   191
   20   194
   20   197
   14   200
   19   203
   21   205
   23   207
   13   212
   23   215
   20   218
   23   221
   17   224
   21   226
   20   229
   19   232
   20   235
   16   238
   19   241
   19   244
   19   247
   17   250
   18   253
   19   255
   16   259
   19   261
   13   264
   21   267
   19   270
   21   273
   20   276
   15   279
   21   281
   19   284
   27   289
   15   292
   15   295
   13   298
   20   301
   20   304
   19   306
   19   309
   18   312
   18   315
   15   318
   19   321
   20   324
   20   326
   15   329
   19   331
   20   335
    3   338
   19   343
   21   345
   20   348
   24   350
   21   353
   23   355
   15   358
   28   362
   24   364
   22   367
   21   369
   22   372
   23   375
   16   378
   23   381
   23   384
   23   386
   22   389
   21   392
   20   395
   22   397
   20   401
   23   403
   24   406
   26   408
   18   411
   23   414
   22   417
   22   420
   24   423
   22   425
   24   428
   24   430
   23   433
   18   436
   21   439
   32   443
   22   445
   22   447
   16   450
   18   453
   24   456
   22   459
   20   463
   28   465
   30   467
   30   470
   30   473
   26   475
   26   478
   26   480
   18   483
   27   485
   27   488
   28   490
   28   492
   25   495
   27   498
   19   500
   28   503
   29   506
   30   508
   27   511
   28   513
   29   516
   29   518
   29   520
    7   522
   28   527
   32   529
   34   531
   30   534
   33   537
   30   539
   25   542
   28   544
   30   547
   30   549
   31   551
   35   555
   24   557
   31   560
   31   562
   30   565
   29   568
   26   570
   25   573
   31   576
   31   578
   31   581
   32   583
   32   585
   30   588
   35   591
   31   594
   31   597
   27   600
   29   602
   34   605
   34   607
   37   610
    4   612
   39   616
   35   619
   36   621
   36   623
   34   626
   35   628
   37   632
   32   634
   26   637
   32   640
   29   642
   34   645
   36   647
   37   650
   33   652
   33   655
   36   657
   34   660
   35   662
   32   665
   36   667
   37   669
   35   672
   33   675
   35   678
   36   680
   35   683
   35   686
   39   688
   39   690
   40   692
   38   695
   37   697
   38   699
   33   702
   41   704
   41   707
   39   709
   40   711
   40   714
   42   715
   43   717
   41   720
   44   722
   40   724
   36   727
   42   729
   44   731
   44   733
   44   736
   45   737
   42   740
   42   742
   39   744
   43   746
   45   748
   36   751
   42   753
   45   755
   42   758
   47   759
   46   761
   40   763
   46   765
   43   768
   43   770
   46   772
   39   774
   47   776
   48   778
   49   780
   47   782
   44   785
   38   787
   42   789
   45   791
   49   793
   36   795
   49   797
   47   799
   51   801
   46   804
   27   807
   54   808
   53   810
   54   811
   45   813
   43   815
   53   816
   50   818
   55   820
   58   821
   59   823
   57   824
   57   826
   45   828
   52   830
   50   831
   53   833
   52   835
   58   837
   54   838
   56   840
   54   842
   42   844
   52   846
   58   848
   56   849
   51   851
   43   853
   49   855
   56   857
   55   859
   56   860
   62   862
   65   863
   69   864
   63   866
   57   867
   52   869
   51   871
   52   873
   62   874
   66   876
   60   877
   53   879
   63   881
   65   882
   60   884
   57   885
   62   887
   61   888
   58   890
   60   892
   64   894
   63   895
   58   897
   63   898
   54   900
   53   901
   62   903
   58   904
   62   906
   59   907
   61   909
   50   911
   60   912
   55   914
   51   917
   54   918
   49   920
   54   922
   55   924
   53   926
   45   928
   57   929
   55   931
   56   933
   58   934
   55   936
   55   938
   49   940
   55   942
   51   944
   50   946
   48   948
   46   950
   51   952
   48   954
   51   957
   50   959
   43   961
   52   963
   52   965
   39   967
   48   969
   49   971
   47   973
   45   975
   51   978
   49   979
   47   982
   38   984
   48   986
   49   988
   45   990
   47   992
   47   994
   47   996
   48   998
   48  1000
   48  1002
   42  1006
    8  1008
   43  1011
   47  1014
   47  1016
   45  1018
   35  1020
   21  1022
   48  1024
   49  1026
   46  1027
   45  1030
   43  1032
   42  1034
   41  1036
   42  1038
   43  1040
   40  1042
   31  1045
   42  1047
   41  1049
   40  1051
   35  1053
   37  1056
   37  1058
   39  1060
   38  1062
   38  1064
   28  1066
   34  1067
   32  1069
   36  1072
   32  1075
   30  1077
   36  1079
   34  1082
   34  1084
   36  1087
   21  1090
   41  1093
   37  1095
   35  1097
   35  1099
   35  1101
   32  1104
   27  1106
   36  1109
   29  1112
   21  1115
   40  1117
   40  1119
   39  1121
   37  1123
   34  1125
   34  1127
   36  1129
   36  1131
   32  1133
   32  1136
   32  1137
   34  1139
   34  1141
   33  1144
   35  1147
   27  1150
   21  1153
   30  1156
   32  1158
   32  1160
   29  1163
   31  1165
   28  1167
   30  1169
   31  1172
   37  1175
   26  1177
   25  1179
   27  1181
   25  1184
   30  1187
   26  1189
   28  1191
   28  1194
   23  1197
   29  1200
   32  1203
   24  1206
   27  1208
   26  1211
   31  1213
   29  1216
   25  1218
   26  1220
   24  1223
   24  1226
   26  1228
   28  1230
   32  1234
   23  1236
   24  1239
   26  1241
   25  1245
   28  1247
   27  1249
   26  1252
   28  1255
   22  1258
   25  1260
   26  1263
   27  1265
   27  1268
   19  1271
   26  1273
   30  1276
   29  1278
   35  1282
   21  1284
   20  1287
   26  1289
   23  1291
   17  1293
