   16     1
   16     4
   14     9
   11    14
   13    17
   12    19
   15    23
   14    27
   16    30
   15    33
   12    36
   15    39
   11    42
   13    45
   10    49
   13    52
   11    56
   14    59
   14    62
   15    65
   16    68
   11    72
   15    75
   12    78
   14    82
   14    86
   14    89
   13    91
   12    94
   15    97
   12    99
   14   102
   14   105
   15   108
   14   111
    4   114
   15   123
    4   128
   15   132
   17   135
   15   138
   19   141
   17   143
   21   146
   17   149
   14   153
   18   156
   17   159
   18   161
   20   165
   17   166
   16   168
   24   170
   21   173
   21   176
   20   179
   17   181
   18   184
   20   187
   23   190
   19   193
   18   195
   22   198
   21   201
   20   203
   20   206
   20   208
   21   211
   19   213
   20   217
   20   220
   21   223
   21   226
   21   229
   17   231
   21   234
   18   237
   21   240
   20   242
   23   246
   18   248
   20   251
   20   253
   19   256
   21   259
   16   262
   19   266
   18   268
   21   272
   21   274
   23   277
   21   280
   20   282
   21   286
   22   289
   19   291
   20   294
   21   296
   22   299
   22   302
   19   305
   21   308
   21   310
   21   313
   21   316
   23   319
   18   321
   24   327
   18   329
   19   331
   19   333
   21   336
   20   339
   21   341
   22   344
   26   346
   17   350
   25   353
   22   355
   22   358
   24   360
   26   363
   23   365
   25   368
   23   371
   23   373
   21   376
   22   378
   24   380
   27   383
   20   387
   19   390
   21   393
   21   395
   23   398
   24   400
   28   403
   25   406
   24   408
   25   410
   26   413
   25   416
   23   418
   23   420
   25   423
   24   426
   26   429
   25   431
   26   434
   27   436
    6   439
   30   441
   28   444
   28   447
   27   450
   26   452
   26   454
   28   457
   29   460
   29   463
   29   465
   26   468
   28   471
   26   473
   25   475
   26   477
   26   479
   26   481
   30   486
   25   488
   28   490
   30   492
   27   495
   26   497
   25   500
   29   502
   30   505
   30   508
   27   510
   23   513
   27   515
   29   518
   29   521
   26   524
   31   526
   28   530
   33   532
   34   535
   34   537
   34   540
   32   542
   33   544
   32   547
   33   549
   34   552
   29   554
   34   556
   36   559
   30   561
   33   564
   32   566
   33   568
   33   570
   34   573
   34   575
   34   578
   32   581
   31   583
   32   586
   30   589
   29   592
   33   594
   33   596
   32   599
   33   601
   31   603
   29   606
   32   609
   31   611
   34   614
   33   616
   33   619
   33   621
   31   625
   33   627
   35   629
   37   631
   38   633
   37   635
   32   638
   39   640
   37   642
   40   644
   37   646
   39   649
   37   651
   35   653
   38   655
   40   657
   39   660
   31   661
   42   664
   43   666
   37   668
   33   670
   41   672
   39   675
   41   677
   41   680
   37   682
   32   684
   37   686
   25   689
   44   692
   42   694
   44   696
   40   699
   42   701
   41   703
   41   705
   40   708
   43   710
   38   713
   45   715
   46   717
   48   719
   39   721
   44   723
   44   725
   45   727
   46   729
   48   731
   47   733
   46   735
   44   737
   42   739
   47   741
   46   743
   46   745
   38   748
   37   750
   41   752
   42   754
   46   756
   46   757
   50   759
   50   761
   49   763
   48   764
   50   766
   49   768
   33   770
   51   772
   48   774
   52   775
   51   777
   56   779
   44   780
   50   783
   46   785
   55   786
   51   788
   52   790
   53   792
   56   793
   58   795
   59   797
   56   799
   54   800
   57   802
   54   804
   56   806
   54   807
   57   809
   55   811
   57   813
   57   814
   57   816
   54   818
   58   819
   57   821
   56   823
   56   825
   39   826
   59   828
   57   830
   56   832
   53   834
   57   835
   58   837
   59   839
   55   841
   54   842
   56   844
   56   846
   62   848
   60   849
   58   851
   57   852
   59   854
   61   856
   58   857
   58   859
   57   861
   53   862
   56   864
   51   866
   52   868
   55   870
   53   872
   56   873
   54   875
   58   876
   58   878
   58   880
   54   882
   58   883
   60   885
   56   887
   59   888
   61   890
   51   892
   53   894
   58   895
   58   897
   59   898
   61   900
   63   901
   67   903
   69   904
   67   905
   66   907
   67   908
   63   910
   64   911
   66   913
   62   914
   64   916
   61   918
   57   919
   65   920
   67   922
   67   923
   67   925
   64   926
   61   928
   63   929
   58   931
   64   932
   61   934
   63   935
   65   937
   67   938
   61   940
   65   941
   64   943
   63   944
   60   946
   62   947
   66   949
   63   950
   65   952
   64   954
   70   955
   68   956
   69   958
   66   959
   69   961
   68   962
   71   963
   70   964
   69   966
   71   967
   66   968
   69   969
   73   971
   74   972
   73   973
   73   975
   71   976
   70   978
   73   979
   71   981
   70   982
   75   983
   76   984
   75   986
   75   987
   75   988
   75   990
   70   991
   71   992
   75   994
   72   995
   71   996
   73   998
   74   999
   77  1000
   74  1002
   72  1003
   72  1004
   72  1006
   69  1007
   78  1008
   54  1011
   67  1012
   73  1013
   74  1015
   72  1016
   23  1016
   81  1019
   75  1020
   74  1021
   75  1023
   69  1024
   64  1025
   65  1027
   70  1028
   69  1030
   70  1031
   68  1032
   68  1034
   66  1036
   61  1037
   63  1039
   64  1040
   62  1042
   66  1044
   64  1045
   64  1047
   58  1048
   62  1050
   63  1052
   58  1053
   59  1055
   38  1057
   65  1059
   60  1060
   65  1062
   63  1064
   62  1065
   62  1067
   60  1069
   55  1071
   37  1073
   63  1074
   61  1076
   58  1077
   59  1079
   60  1081
   56  1083
   56  1084
   54  1086
   50  1088
   51  1089
   54  1091
   52  1093
   49  1095
   50  1097
   53  1099
   53  1101
   53  1103
   50  1104
   47  1106
   50  1108
   47  1110
   49  1112
   49  1114
   45  1116
   48  1117
   47  1119
   47  1121
   45  1123
   44  1126
   44  1127
   43  1129
   44  1131
   43  1133
   40  1135
   42  1138
   40  1139
   41  1142
   42  1144
   41  1146
   26  1148
   43  1150
   42  1152
   43  1154
   42  1156
   43  1158
   40  1160
   41  1162
   38  1164
   40  1166
   38  1168
   41  1170
   39  1172
   38  1174
   38  1176
   38  1179
   38  1181
   29  1185
   29  1187
   31  1189
   35  1191
   40  1193
   40  1195
   37  1197
   37  1199
   35  1201
   35  1203
   38  1205
   41  1206
   38  1208
   39  1210
   39  1212
   36  1214
   38  1216
   39  1218
   32  1220
   37  1223
   37  1225
   36  1227
   35  1229
   39  1231
   34  1233
   33  1235
   37  1237
   33  1239
   32  1241
   23  1243
   26  1245
   35  1247
   32  1249
   37  1251
   36  1253
   37  1255
   33  1257
   34  1259
   34  1261
   35  1263
   36  1265
   35  1267
   28  1269
   31  1271
   34  1273
   33  1276
   34  1278
   30  1280
   33  1282
   33  1284
   34  1286
   30  1289
   28  1291
   30  1294
   32  1296
   31  1298
   33  1300
   32  1303
   31  1305
   19  1308
   29  1310
   30  1312
   29  1315
   29  1317
   32  1319
   32  1321
   29  1323
   31  1326
   31  1328
   33  1330
   30  1332
   30  1335
   33  1337
   33  1339
   33  1341
   33  1343
   34  1346
   34  1348
   33  1350
   33  1352
   30  1354
   30  1356
   30  1358
   32  1360
   30  1363
   29  1365
   29  1367
   28  1369
   31  1371
   28  1373
   33  1376
