   12     2
   12     5
   13     8
   11    11
   11    13
   12    16
   13    19
   15    22
   13    24
   14    27
   13    30
   16    33
   14    36
   14    38
   14    41
   13    44
   20    48
   14    51
   12    54
   13    57
   10    60
   11    63
   10    65
   15    68
   14    71
   14    74
   16    76
   11    79
    9    81
   14    85
   14    88
   14    91
   13    94
   14    97
   13   100
   13   103
   12   106
   13   109
   12   111
   16   113
   19   117
   18   120
   17   123
   16   127
   13   129
   15   133
   32   137
   28   139
   26   141
   25   144
   22   146
   21   149
   18   151
   22   153
   22   156
   21   158
    9   160
   23   162
   23   164
   19   167
   19   171
   20   174
   24   176
   24   178
   24   181
   23   183
   21   186
   22   189
   21   191
   22   194
   22   196
   24   199
   22   201
   22   204
   24   206
   23   209
   23   211
   21   214
   19   216
   18   219
   23   222
   22   224
   25   228
   21   231
   22   233
   20   236
   19   239
   20   241
   23   244
   22   246
   15   248
   17   252
   23   255
   24   257
   24   260
   23   262
   27   266
   27   268
   21   271
   22   274
   22   276
   24   279
   21   282
   22   285
   22   288
   21   291
   22   293
   22   296
   21   299
   20   301
   21   304
   21   306
   22   308
   19   310
   21   311
   19   312
   21   314
   29   318
   26   320
   24   323
   20   325
   23   327
   21   330
   24   333
   23   335
   22   338
   21   340
   21   343
   21   345
   22   348
   23   351
   22   353
   22   356
   22   359
   22   361
   23   364
   26   366
   24   369
   25   371
   20   374
   22   376
   23   379
   24   381
   27   384
   26   386
   22   389
   26   392
   25   394
   20   397
   20   400
   20   403
   27   406
   33   408
   31   411
   31   413
   30   415
   28   418
   29   420
   31   423
   30   425
   28   428
   22   430
   19   431
   21   434
   24   437
   36   439
   33   442
   35   444
   31   446
   30   449
   33   452
    7   454
   33   457
   31   459
   28   462
   27   465
   31   467
   36   470
   36   472
   36   474
   35   476
   35   478
   26   482
   35   484
   33   486
   34   488
   37   491
   36   493
   38   495
   36   497
   34   499
   36   501
   34   504
   36   507
   36   509
   33   511
   35   514
   35   516
   38   518
   36   520
   36   522
   33   524
   34   526
   31   529
   36   531
   39   533
   40   535
   41   537
   39   539
   42   540
   38   542
   40   545
   43   546
   41   548
   39   550
   42   552
   42   554
   35   557
   39   559
   42   561
   40   563
   39   565
   36   567
   42   569
   40   571
   44   573
   35   575
   38   577
   44   579
   48   581
   47   583
   45   585
   45   587
   47   588
   47   590
   43   592
   31   595
   47   597
   45   599
   45   601
   49   602
   47   604
   49   606
   49   608
   48   610
   51   611
   48   613
   49   615
   50   617
   49   619
   47   620
   51   622
   47   624
   49   626
   50   628
   49   630
   36   632
   44   634
   45   636
   50   637
   35   639
   54   640
   55   642
   44   644
   49   646
   56   648
   54   649
   50   651
   52   653
   51   654
   51   656
   48   658
   51   659
   51   661
   52   663
   53   664
   54   666
   53   668
   55   669
   28   672
   29   675
   55   677
   55   679
   56   680
   56   682
   63   683
   59   685
   59   686
   57   688
   56   689
   50   691
   55   693
   57   694
   58   696
   58   698
   55   699
   59   701
   59   702
   43   704
   59   706
   45   708
   56   709
   58   711
   58   712
   57   714
   57   715
   56   717
   59   718
   59   720
   53   721
   56   723
   57   725
   57   726
   59   728
   62   729
   60   730
   60   732
   62   733
   59   735
   61   736
   58   738
   46   740
   57   741
   61   743
   58   744
   59   745
   60   747
   64   748
   61   750
   60   751
   63   752
   44   754
   69   755
   70   757
   68   758
   69   759
   67   760
   61   761
   60   763
   65   764
   47   766
   68   767
   69   768
   61   769
   64   771
   69   772
   72   773
   66   774
   62   775
   62   777
   58   778
   59   779
   61   781
   40   782
   55   784
   57   785
   48   787
   59   788
   55   790
   59   791
   56   793
   55   794
   55   796
   57   797
   53   799
   55   800
   54   802
   54   804
   52   805
   52   807
   51   809
   51   810
   50   812
   48   814
   51   816
   54   817
   52   819
   51   821
   49   823
   48   824
   50   826
   53   828
   48   830
   49   832
   49   833
   48   835
   49   837
   48   839
   47   841
   48   843
   50   844
   47   846
   46   848
   48   850
   46   852
   43   854
   45   856
   38   859
   44   861
   45   863
   42   865
   30   868
   40   870
   43   872
   42   874
   42   876
   42   878
   46   880
   42   882
   44   884
   40   886
   39   889
   38   891
   37   893
   40   895
   36   897
   39   899
   40   902
   40   904
   37   906
   40   908
   35   910
   37   912
   37   915
   35   917
   40   919
   40   921
   37   923
   41   925
   40   927
   37   930
   34   932
   40   934
   40   936
   38   938
   37   940
   37   943
   27   946
   28   948
   32   950
   35   952
   35   955
   40   957
   38   959
   35   961
   35   963
   34   965
   34   967
   37   970
   34   972
   33   974
   34   976
   32   979
   32   981
   33   983
   29   987
   24   991
   36   993
   35   995
   36   997
   34   999
   34  1002
   31  1004
   32  1007
   30  1009
   33  1011
   29  1014
   32  1016
   33  1018
   25  1021
   25  1024
   33  1027
   36  1029
   35  1031
   33  1033
   32  1036
   31  1038
   32  1041
   31  1043
   30  1045
   31  1048
   34  1051
   28  1054
   33  1056
   34  1058
   32  1060
   30  1063
   31  1065
   34  1067
   36  1069
   32  1071
   32  1074
   30  1076
   33  1078
   31  1080
   32  1083
   31  1085
   32  1087
   27  1089
   30  1091
   31  1094
   34  1096
   36  1098
   34  1100
   30  1102
   34  1104
   32  1107
   30  1109
   28  1111
   27  1114
   28  1117
   32  1119
   38  1122
   32  1124
   32  1126
   34  1128
