   10     4
   10     7
   12    11
   10    14
   11    18
   11    21
   11    24
   11    27
   10    31
   11    34
   12    38
   15    41
   13    44
   12    47
   12    51
   12    54
   19    60
   12    63
   10    67
   11    70
   11    73
   10    76
   12    79
    9    82
   12    84
   11    87
   11    90
   11    92
   11    95
   13    98
   12   101
   11   104
   10   107
   12   110
   11   113
    4   115
    5   117
   18   122
    9   125
   19   128
   16   131
   14   135
   17   139
   16   142
   14   145
   16   149
   17   152
   17   155
   17   158
   15   161
   17   164
   17   167
   17   171
   16   174
   22   180
   14   183
   17   186
   16   190
   16   193
   16   196
   15   199
   17   202
   19   205
   16   208
   17   211
   18   214
   18   217
   18   220
   15   223
   22   227
   16   232
   17   235
   16   238
   17   241
   18   244
   15   248
   16   251
   16   254
   19   257
   18   259
   17   263
   17   266
   17   269
   17   272
   17   275
   16   278
   17   281
   18   284
   15   287
   17   290
   17   293
   17   296
   15   300
   12   305
   18   312
   13   315
   14   318
   16   321
   16   323
   17   326
   18   329
   20   332
   20   334
   19   337
   18   340
   19   345
   21   348
   21   351
   20   354
   20   358
   21   361
   22   364
   22   367
   21   370
   22   373
   24   377
   22   380
   19   383
   20   386
   20   389
   18   392
   27   397
   20   400
   21   402
   21   405
   20   408
   21   410
   19   413
   21   416
   20   419
   21   422
   21   425
   21   428
   25   431
   21   434
   24   437
   23   439
   23   443
   22   446
   25   449
   24   452
   25   455
   23   458
   26   461
   28   463
   23   468
   20   472
   26   475
   28   477
   28   480
   28   482
   28   485
   28   488
   29   491
   28   493
   30   496
   28   498
   28   501
   27   504
   29   507
   30   510
   27   512
   31   517
   31   519
   30   522
   32   524
   31   527
   31   529
   29   532
   30   535
   30   538
   27   541
   32   543
   32   546
   31   548
   31   551
   30   554
   33   556
   35   559
   37   562
   34   564
   36   566
   34   569
   36   572
   35   575
   40   577
   35   580
   41   582
   40   584
   35   586
   36   589
   35   592
   36   594
   43   596
   35   599
   37   601
   38   603
   36   605
   32   608
   43   610
   38   612
   39   615
   41   617
   40   619
   37   623
   42   625
   43   627
   44   629
   41   632
   40   634
   45   636
   39   639
   45   641
   44   643
   44   646
   45   649
   17   651
   49   653
   45   655
   45   658
   47   659
   47   662
   51   664
   49   666
   51   668
   47   670
   51   672
   48   674
   48   676
   35   678
   43   680
   46   682
   45   684
   48   687
   50   689
   52   691
   54   693
   53   696
   51   698
   54   700
   51   702
   53   704
   57   706
   56   708
   59   709
   56   711
   55   713
   52   716
   56   718
   59   719
   59   721
   45   725
   46   727
   48   729
   54   731
   55   733
   59   735
   59   736
   62   738
   56   740
   44   742
   59   744
   64   746
   53   748
   57   750
   63   752
   62   754
   58   756
   38   758
   65   760
   71   762
   57   763
   64   765
   68   767
   63   769
   60   770
   64   772
   65   774
   66   775
   74   777
   61   778
   59   780
   67   782
   79   783
   61   785
   60   786
   43   789
   68   790
   67   792
   63   793
   27   797
   26   800
   60   802
   65   804
   65   806
   65   807
   64   809
   71   810
   61   812
   61   814
   61   815
   63   817
   60   819
   49   823
   52   825
   52   827
   53   829
   50   832
   53   834
   53   836
   55   838
   57   840
   52   842
   54   844
   53   846
   50   848
   52   850
   50   853
   47   855
   44   858
   43   861
   43   863
   44   866
   45   868
   46   870
   42   873
   43   875
   44   877
   42   880
   40   882
   39   885
   39   887
   44   889
   41   892
   40   894
   40   897
   37   899
   40   901
   40   903
   38   906
   37   908
   38   911
   36   913
   38   916
   35   918
   36   921
   34   923
   33   926
   36   928
   35   933
   35   935
   31   937
   32   940
   34   942
   33   945
   34   947
   33   950
   30   952
   29   955
   31   957
   31   959
   23   963
   31   966
   30   968
   34   970
   31   973
   30   976
   31   978
   31   981
   31   983
   32   986
   31   988
   28   991
   31   993
   33   995
   30   998
   30  1000
   31  1003
   29  1005
   34  1008
   33  1010
   31  1013
   31  1016
   28  1018
   28  1021
   27  1023
   26  1026
   25  1029
   26  1032
   24  1035
   26  1037
   25  1040
   25  1043
   28  1045
   27  1048
   26  1050
   29  1053
   27  1055
   14  1059
   19  1065
   20  1068
   18  1071
   23  1074
   23  1076
   24  1079
   25  1082
   31  1084
   28  1087
   27  1090
   27  1092
   26  1095
   26  1098
   24  1100
   23  1103
   25  1106
   24  1109
   22  1112
   23  1114
   21  1117
   26  1120
   24  1122
   39  1126
   10  1135
   17  1138
   20  1142
   21  1145
   20  1148
   22  1151
