   16     3
   11     6
   10    10
   11    13
   10    17
    9    21
    9    28
   10    33
   10    38
   13    42
    8    47
   11    51
    3    54
   13    60
   10    63
    9    66
   19    70
   11    74
    8    78
   10    82
   10    86
   11    89
   10    93
    9    96
    8   100
    8   103
    9   106
    7   109
    9   112
    6   116
   15   119
   15   122
   21   125
   15   128
   20   131
   18   134
   16   137
   17   140
    8   143
   22   147
   17   149
   17   152
   16   155
   19   157
   20   160
   19   162
   15   165
   18   168
   18   171
   17   173
   18   176
   13   179
   16   182
   16   185
   18   188
   17   190
   14   194
   25   198
   21   203
   19   206
   17   209
   22   212
   19   215
    8   219
   19   221
   17   224
   17   227
   13   230
   19   233
   17   235
   15   238
   17   241
   14   244
   16   247
   15   249
   18   252
   17   255
   14   258
   15   261
   19   264
   15   267
   19   270
   19   272
   17   275
   15   278
   17   281
   18   284
   17   287
   19   290
   17   293
   21   296
   16   299
   22   302
   22   305
   21   307
   19   310
   17   312
   19   315
   12   318
   17   321
   22   324
   16   327
   23   329
   20   332
   20   334
   19   336
   15   339
   19   342
   18   345
   20   347
   17   350
   20   353
   16   356
   23   359
   20   362
   18   364
   19   367
   18   370
   16   373
   24   375
   29   379
   21   382
   16   385
   22   387
   21   389
   19   392
   18   394
   20   397
   16   400
   22   403
   22   405
   20   408
   19   410
   20   413
   21   415
   21   418
   24   422
   23   425
   23   427
   24   430
   21   433
   24   435
   25   438
   24   440
   18   444
   21   446
   23   449
   18   452
   27   454
   27   456
   20   458
   21   461
   12   465
   27   467
   23   470
   24   473
   22   475
   17   478
   16   481
   18   485
   30   489
   20   492
   25   495
   25   497
   27   499
   24   502
   24   505
   19   508
   23   510
   25   513
   24   516
   22   519
   24   523
   22   527
   23   529
   30   532
   28   534
   29   536
   28   538
   27   541
   27   544
   26   546
   26   549
   26   551
   27   553
   27   555
   20   558
   27   561
   28   564
   25   566
   22   568
   25   571
   24   573
   22   576
   26   579
   27   582
   29   584
   23   587
   29   589
   29   591
   23   594
   30   597
   28   599
   30   602
   27   604
   29   607
   31   609
   26   611
    7   612
   19   616
   35   619
   34   621
   28   624
   22   627
   33   630
   29   632
   26   635
   31   638
   32   640
   32   642
   31   644
   25   647
   43   650
   27   653
   31   655
   30   657
   29   659
   30   662
   31   664
   33   666
   33   668
   29   671
   29   673
   29   675
   28   678
   30   680
   24   682
   23   684
   28   687
   43   689
   35   691
   31   693
   43   695
   41   698
   30   701
   32   704
   26   707
   34   710
   28   713
   30   715
   34   717
   30   720
   35   723
   34   725
   37   728
   27   731
   37   733
   35   735
   35   737
   39   739
   41   741
   31   744
   40   746
   37   748
   35   751
   28   753
   38   756
   37   758
   42   761
   27   764
   37   766
   29   769
   36   771
   36   774
   31   776
   35   778
   33   780
   30   782
   31   785
   46   788
   28   790
   39   792
   37   794
   36   797
   42   799
   39   801
   30   803
   46   805
   36   808
   35   810
   36   812
   41   814
   31   817
   41   820
   36   822
   39   824
   39   826
   40   828
   39   830
   40   832
   42   834
   43   837
   27   840
   42   842
   37   844
   42   847
   38   849
   40   851
   41   853
   39   855
   43   857
   42   859
   33   861
   38   863
   34   865
   41   867
   46   869
   39   872
   51   875
   35   878
   38   880
   38   882
   47   885
   43   887
   42   889
   43   891
   45   893
   40   895
   33   898
   32   901
   40   904
   42   906
   57   908
   38   910
   49   912
   44   914
   43   916
   41   918
   55   920
   48   922
   42   924
   42   926
   52   927
   58   929
   51   930
   39   932
   51   934
   51   936
   49   938
   56   940
   48   942
   45   944
   44   946
   47   949
   38   951
   51   953
   43   955
   53   957
   42   959
   49   961
   49   963
   45   964
   52   966
   50   968
   40   970
   56   972
   54   974
   50   976
   50   978
   49   980
   52   982
   55   983
   43   986
   61   988
   57   989
   56   991
   49   993
   47   995
   55   997
   52   999
   55  1001
   57  1002
   60  1004
   56  1005
   54  1007
   47  1009
   57  1011
   56  1012
   58  1014
   53  1015
   49  1017
   60  1019
   57  1020
   62  1022
   62  1024
   63  1025
   62  1027
   49  1028
   51  1030
   59  1032
   52  1033
   57  1035
   57  1036
   53  1038
   52  1040
   59  1041
   63  1043
   61  1044
   58  1046
   55  1047
   54  1049
   56  1051
   55  1052
   59  1054
   58  1056
   55  1057
   57  1059
   62  1060
   57  1062
   55  1063
   57  1065
   58  1066
   53  1069
   44  1071
   50  1072
   47  1074
   42  1076
   44  1078
   43  1079
   42  1081
   46  1083
   50  1084
   39  1087
   40  1089
   48  1091
   52  1093
   50  1095
   49  1097
   45  1098
   45  1100
   45  1102
   44  1104
   46  1106
   46  1107
   49  1109
   47  1111
   44  1112
   47  1114
   40  1116
   50  1119
   36  1121
   36  1123
   41  1124
   42  1126
   34  1128
   36  1130
   36  1132
   36  1134
   39  1135
   37  1137
   39  1139
   34  1141
   33  1143
   27  1145
   39  1147
   37  1149
   34  1151
   34  1153
   32  1156
   33  1158
   32  1160
   27  1163
   28  1166
   34  1169
   34  1171
   45  1172
   40  1174
   36  1176
   27  1179
   36  1181
   38  1183
   37  1185
   37  1186
   32  1188
   34  1190
   35  1192
   34  1194
   24  1196
   33  1198
   30  1200
   28  1202
   30  1204
   31  1206
   30  1208
   28  1210
   30  1211
   35  1214
   26  1216
   25  1218
   27  1220
   20  1223
   33  1225
   29  1227
   29  1229
   32  1231
   29  1233
   30  1235
   28  1237
   30  1239
   31  1241
   27  1243
   25  1245
   29  1247
   30  1249
   30  1251
   29  1253
   27  1255
   25  1257
    5  1259
   29  1263
   26  1265
   26  1267
   35  1271
   24  1273
   25  1275
   22  1277
   25  1279
   18  1282
   24  1284
   26  1287
   23  1289
   26  1291
   25  1293
   24  1295
   28  1297
   26  1298
   25  1300
   29  1303
   23  1305
   27  1308
   25  1310
   23  1312
   25  1314
   25  1316
   23  1318
   24  1320
   24  1322
   23  1325
   22  1327
   24  1329
   17  1331
   27  1334
   25  1336
   23  1338
   25  1340
   25  1343
   26  1345
   19  1347
   27  1349
   26  1352
   22  1354
   23  1356
   23  1359
   20  1361
   16  1364
   19  1367
   25  1369
   23  1371
   24  1373
   25  1376
   21  1378
