   12     3
   11     6
    7     9
   10    12
   11    15
   12    18
   12    21
   10    24
   11    27
   13    30
   11    33
   15    36
   13    39
   10    43
   16    45
   14    48
   14    51
   12    53
   15    55
   14    57
   13    60
   10    63
   12    66
    7    72
   13    74
   10    77
   13    80
   19    85
    4    90
   15    93
   13    95
    8    98
    8   102
    8   106
    8   109
    3   112
    9   116
   11   118
   10   120
   10   122
   10   126
   16   128
   16   131
   13   134
   17   136
   17   138
   17   141
   17   143
   13   145
   16   147
   16   149
   10   154
   14   156
   17   159
   13   162
   20   164
   20   166
   15   169
   17   171
   17   173
   19   175
   17   177
   19   179
   18   182
   17   184
   15   187
   19   189
   18   192
   18   194
   16   197
   18   200
   19   202
   18   204
   20   207
   17   209
   18   212
   19   214
   20   216
   18   219
   15   223
   15   226
   24   229
   21   231
   20   234
   19   237
   17   239
   16   242
   18   244
   12   247
   21   249
   21   252
   19   254
   17   257
   20   259
   17   261
   18   264
   23   266
   21   268
   18   271
   20   275
   21   277
   18   280
   18   282
   17   284
   19   287
   18   289
   17   292
   20   294
   21   296
   19   299
   23   301
   21   303
   20   306
   21   308
   19   310
   22   313
   21   315
   23   317
   20   319
   18   321
   13   323
   10   325
   21   327
   22   330
   25   332
   21   335
   22   337
   22   339
   19   341
   21   343
   16   346
   23   349
   25   351
   17   353
   23   356
   20   358
   19   360
   21   363
   29   366
   22   368
   22   371
   17   373
   20   375
   22   377
   22   380
   24   382
   25   384
   25   386
   26   387
   24   389
   25   391
   26   393
   24   395
   25   396
   28   398
   24   400
   23   402
   14   405
   25   407
   24   409
   26   411
   26   413
   25   415
   26   417
   24   419
   25   421
   24   423
   23   425
   24   427
   23   429
   26   431
   25   433
   20   434
   20   436
   17   438
   20   440
   27   442
   29   444
   30   446
   32   448
   31   450
   31   452
   31   454
   29   455
   29   457
   25   459
   30   461
   29   463
   26   465
   28   466
   30   468
   28   470
   28   472
   26   474
   30   476
   27   478
   21   480
   35   482
   33   484
   31   485
   30   487
   31   489
   27   490
   26   492
   29   494
   33   496
   24   498
   26   500
   25   502
   29   504
   30   506
   31   507
   29   509
   28   511
   30   513
   34   515
   32   516
   34   518
   34   520
   33   521
   34   523
   31   525
   31   526
   32   528
   31   530
   31   532
   32   533
   33   535
   20   538
   42   540
   38   541
   34   543
   29   544
   33   546
   31   548
   34   550
   34   551
   35   553
   34   554
   33   556
   36   557
   33   559
   36   561
   34   562
   33   564
   33   566
   31   568
   35   569
   35   571
   37   572
   38   574
   39   575
   25   578
   39   579
   39   581
   40   582
   39   583
   39   585
   36   586
   30   588
   30   589
   36   591
   35   593
   34   594
   35   596
   34   598
   34   599
   27   602
   29   604
   41   606
   32   608
   35   609
   35   611
   34   613
   34   615
   35   616
   35   618
   36   620
   39   621
   37   623
   42   625
   38   626
   37   628
   35   629
   35   631
   37   632
   37   634
   36   636
   41   637
   39   639
   30   641
   39   643
   37   645
   44   646
   42   648
   41   649
   42   651
   41   652
   41   654
   40   655
   41   657
   42   658
   41   660
   41   662
   40   663
   41   665
   39   667
   34   668
   31   670
   25   672
   39   674
   43   675
   30   677
   44   678
   40   680
   38   682
   40   683
   38   685
   40   687
   37   689
   42   690
   40   692
   39   693
   35   695
   36   697
   38   698
   40   700
   35   702
   36   703
   35   705
   35   707
   32   710
   36   712
   40   713
   38   715
   41   717
   40   719
   40   721
   42   722
   45   724
   43   726
   42   727
   42   729
   47   730
   47   732
   45   734
   46   735
   44   737
   47   738
   45   740
   47   741
   48   743
   41   745
   41   746
   46   748
   46   750
   50   751
   51   752
   51   754
   47   756
   49   757
   48   759
   47   760
   45   762
   50   763
   48   764
   54   766
   33   768
   41   770
   46   771
   39   773
   50   774
   51   776
   50   777
   52   779
   53   780
   54   781
   53   783
   50   784
   49   786
   50   787
   50   789
   48   790
   53   791
   47   793
   52   794
   54   796
   51   797
   56   799
   55   800
   52   801
   51   803
   40   805
   54   806
   52   808
   54   809
   50   811
   54   812
   54   813
   48   815
   51   817
   51   818
   53   820
   53   821
   54   822
   54   824
   52   825
   54   826
   55   828
   53   829
   55   831
   50   832
   53   833
   52   835
   51   836
   52   838
   51   839
   53   841
   55   842
   51   844
   49   845
   51   847
   50   848
   50   850
   49   851
   40   853
   44   855
   52   857
   52   858
   53   860
   50   861
   48   863
   48   865
   50   866
   47   868
   46   870
   45   871
   45   873
   47   875
   45   876
   50   878
   39   880
   32   882
   42   883
   47   885
   46   886
   47   888
   44   890
   30   892
   47   894
   47   896
   48   898
   43   899
   44   901
   43   903
   40   905
   46   906
   34   908
   43   910
   48   911
   50   912
   33   915
   40   915
   25   916
   32   918
   33   920
   39   921
   30   923
   39   925
   39   927
   35   928
   33   930
   33   932
   29   933
   30   935
   45   936
   42   938
   38   940
   41   941
   54   943
   40   945
   39   946
   34   948
   33   950
   31   951
   38   953
   37   955
   37   956
   39   958
   34   960
   38   961
   37   963
   33   965
   35   966
   19   969
   38   971
   37   972
   37   974
   37   976
   39   977
   35   979
   36   981
   36   983
   34   984
   34   986
   34   988
   35   990
   35   991
   33   993
   33   995
   32   997
   34   998
   34  1000
   34  1002
   36  1003
   33  1005
   35  1007
   35  1009
   31  1010
   31  1012
   32  1014
   34  1016
   31  1017
   14  1020
   34  1022
   31  1024
   30  1026
   33  1027
   34  1029
   32  1031
   31  1032
   29  1034
   33  1036
   34  1038
   31  1040
   31  1041
   30  1043
   30  1045
   32  1046
   26  1048
   38  1049
   23  1052
   27  1053
   30  1055
   30  1056
   35  1058
   38  1059
   35  1061
   24  1064
   27  1065
   27  1067
   29  1069
   29  1071
   33  1073
   31  1074
   31  1076
   28  1078
   29  1079
   28  1081
   27  1083
   26  1085
   12  1088
   32  1090
   30  1092
   32  1094
   33  1095
   33  1097
   33  1099
   31  1100
   29  1102
   29  1104
   28  1106
   27  1108
   28  1110
   27  1112
   30  1113
   30  1115
   30  1117
   27  1119
   27  1121
   24  1122
   30  1124
   27  1126
   27  1128
   29  1129
   31  1131
   27  1133
   26  1135
   29  1137
   25  1139
   19  1141
   23  1143
   27  1145
   24  1147
   23  1149
   30  1151
   30  1153
   31  1155
   32  1156
   29  1158
   26  1160
   24  1162
   28  1164
   28  1166
   30  1168
   30  1169
   25  1172
   24  1174
   27  1176
   25  1178
   26  1180
   26  1182
   27  1184
   26  1186
   26  1188
   28  1189
   28  1191
   26  1194
   22  1195
