   12     3
   10     6
    7    11
    8    15
    9    19
    3    27
   11    31
   13    35
   13    38
   12    42
   10    46
    9    50
   13    57
   10    61
    7    66
    9    70
    8    73
    8    77
    9    81
    2    85
    9    91
   12    95
   14    98
   14   102
   12   105
    9   110
   11   114
   18   117
   20   122
   12   126
   14   130
   14   133
   14   137
   14   141
   17   144
   11   147
   13   154
   14   157
   16   161
    8   164
   18   168
   14   172
   19   176
   17   180
    1   187
   28   189
   18   192
   17   196
   18   199
   20   202
   14   206
   17   212
   17   215
   17   219
   17   223
   15   226
   15   230
    4   233
   17   236
   16   240
   18   243
   19   246
   15   249
   14   254
   19   258
   24   261
   22   264
   27   269
   17   273
   16   280
   13   285
   18   288
   15   292
   17   296
   16   300
   22   303
   11   306
   18   310
   18   314
   19   317
   23   320
   21   324
   22   327
   18   330
   13   334
   15   338
   19   342
    7   345
   21   351
   19   354
   15   357
   21   361
   22   364
   10   370
   16   373
   10   378
   22   382
   23   386
   19   389
   27   395
   23   398
   22   401
   22   404
   22   407
   21   411
   21   414
   18   417
   21   420
   22   424
   20   427
   23   430
   22   433
   25   437
   23   440
    5   442
   26   449
   18   452
   18   456
    9   460
   13   463
   22   470
   31   473
   33   476
   29   479
   36   483
   28   487
   30   489
   26   493
   21   497
   27   500
   27   504
   33   507
   31   510
    8   516
   25   520
   36   524
   34   527
   38   530
   31   533
   35   536
   35   539
   26   543
   33   546
   28   549
   37   552
   38   555
   35   558
   28   561
   34   564
    3   568
   59   569
   35   572
   34   575
   35   578
   37   581
   36   584
   35   587
   39   590
   34   593
   32   597
   43   599
   40   602
   39   604
   42   607
   38   610
   41   614
   36   616
   36   619
   39   622
   36   624
   36   627
   33   630
   27   634
   33   637
   11   641
   40   645
   41   648
   44   650
   45   653
   23   657
   35   660
   40   662
   39   665
   42   667
   39   670
   42   673
   48   675
   23   678
   49   681
   45   684
   45   687
   44   689
   42   692
   37   695
   34   699
   48   701
   44   704
   48   706
   43   709
   46   713
   46   715
   47   718
   44   720
   44   723
   45   725
   32   729
   29   732
   48   734
   56   737
   52   739
   60   741
   58   744
   58   746
   54   748
   50   751
   39   753
   49   756
   42   759
   54   761
   50   764
   59   766
   60   768
   67   770
   61   772
   31   775
   57   777
   55   780
   53   782
   62   784
   56   787
   58   789
   58   792
   49   795
   41   798
   45   800
   55   803
   44   806
   65   808
   62   810
   66   812
   55   815
   65   817
   60   820
   44   822
   66   824
   72   827
   36   830
   63   832
   67   835
   44   838
   60   840
   65   842
   56   844
   68   846
   65   849
   72   851
   73   853
   78   855
   62   857
   63   859
   59   862
   73   864
   79   866
   77   868
   74   870
   68   871
   84   873
   68   875
   69   878
   75   879
   72   882
   70   884
   61   884
   78   886
   63   889
   80   891
   75   893
   74   895
   75   897
   78   898
   72   900
   75   902
   70   904
   31   906
   63   908
   69   910
   60   912
   70   915
   52   918
   62   920
   71   922
   60   925
   66   927
   64   929
   59   932
   63   934
   66   936
   32   940
   55   943
   46   946
   57   948
   59   951
   58   953
   58   956
   54   958
   55   961
   54   963
   54   966
   52   968
   50   971
   51   973
   51   975
   50   978
   51   980
   51   982
   47   985
   45   987
   49   990
   49   992
   37   995
   42   997
   43  1000
   40  1002
   41  1005
   42  1007
   28  1011
   42  1013
   42  1016
   40  1018
   44  1021
   42  1023
   39  1026
   41  1028
   41  1031
   44  1035
   40  1037
   41  1040
   36  1042
   35  1045
   20  1049
   41  1051
   34  1053
   38  1056
   42  1058
   39  1061
   36  1063
   38  1066
   23  1068
   21  1073
   34  1075
   39  1078
   37  1080
   33  1083
   43  1086
   39  1088
   36  1091
   39  1093
   33  1096
   38  1099
   34  1101
   31  1104
   23  1108
   33  1110
   30  1113
   31  1116
   37  1118
   31  1121
   39  1124
   31  1127
   34  1129
   32  1132
   40  1135
   32  1138
   32  1141
   30  1143
   31  1146
   25  1149
   31  1151
   30  1154
   32  1156
   32  1159
   32  1161
   19  1163
   32  1166
   32  1168
   32  1171
   41  1174
   39  1177
   34  1179
   34  1182
   25  1185
   25  1188
   29  1191
   33  1194
   27  1197
   34  1200
   24  1202
   28  1205
   24  1209
   27  1212
   30  1215
   19  1219
   37  1222
   32  1225
   38  1227
   30  1230
   30  1233
   32  1236
   30  1238
   29  1241
   34  1243
   28  1246
   26  1249
   28  1252
   28  1254
