   14     1
   11     6
   11    10
   10    13
   11    17
   12    20
   12    25
   18    30
   16    34
   14    39
   15    44
    9    48
   11    53
    8    56
   11    60
   11    65
   12    69
   12    73
   13    77
   14    80
   14    84
   13    87
   13    91
   13    94
   15    97
   16   103
   12   106
   14   109
   17   114
   14   116
   13   118
   14   121
   12   123
   14   126
   17   128
   18   133
   21   137
   23   139
   24   142
   21   146
   19   149
   20   152
   20   154
   21   160
   21   162
   21   164
   17   166
   17   169
   20   171
   20   176
   25   178
   23   181
   26   184
   22   186
   21   192
   23   196
   22   199
   22   201
   24   204
   23   208
   20   210
   23   213
   22   215
   22   218
   24   220
   23   223
   28   226
   23   228
   24   230
   24   233
   24   235
   24   240
   25   243
   25   245
   23   247
   24   250
   25   253
   25   256
   25   258
   24   261
   24   267
   25   269
   20   272
   22   274
   22   277
   22   279
   26   282
   24   285
   23   288
   24   291
   23   295
   25   297
   23   300
   24   302
   24   305
   26   308
   25   311
   18   314
   24   316
   25   320
   26   323
   23   326
   27   329
   25   332
   27   335
   28   339
   28   342
   26   345
   27   347
   28   349
   23   353
   22   356
   24   359
   25   361
   27   364
   22   366
   21   369
   21   373
   28   376
   31   379
   33   382
   29   384
   26   387
   26   391
   24   395
   25   398
   22   400
   24   403
   26   406
   25   409
   29   411
   27   414
   24   419
   26   421
   25   423
   24   426
   29   430
   30   432
   27   435
   31   440
   31   442
   29   445
   28   447
   28   450
   34   452
   31   455
   26   458
   28   460
   29   462
   28   465
   26   467
   25   472
   22   478
   29   481
   35   484
   35   487
   31   490
   32   493
   29   496
   31   500
   29   502
   33   505
   34   509
   34   511
   36   514
   33   517
   33   519
   33   523
   35   525
   33   528
   32   531
   32   534
   33   537
   33   540
   35   542
   35   545
   34   548
   33   552
   35   554
   37   557
   37   559
   39   561
   35   564
   35   567
   36   570
   38   572
   31   575
   43   578
   24   582
   36   585
   39   588
   36   590
   29   595
   36   597
   41   599
   40   601
   41   604
   38   606
   36   609
   37   612
   38   614
   40   616
   38   618
   35   621
   39   623
   39   625
   38   628
   42   630
   38   633
   44   635
   45   637
   37   639
   39   642
   43   644
   45   647
   43   649
   42   651
   45   654
   40   657
   40   659
   44   662
   46   664
   45   666
   49   668
   41   671
   42   673
   47   676
   53   677
   49   680
   51   682
   46   684
   44   687
   43   689
   45   691
   45   694
   46   696
   48   698
   50   700
   42   702
   45   704
   56   706
   38   709
   40   712
   49   714
   49   717
   53   719
   55   721
   53   723
   50   725
   53   727
   51   729
   55   731
   54   733
   48   736
   51   738
   52   740
   47   743
   46   745
   51   747
   49   749
   54   751
   55   753
   57   755
   53   757
   51   759
   55   761
   51   763
   52   765
   54   767
   57   769
   56   771
   61   773
   55   775
   57   777
   50   779
   59   781
   58   783
   57   784
   59   786
   59   788
   63   790
   61   791
   56   794
   51   796
   58   797
   55   799
   54   801
   50   803
   28   804
   59   806
   64   808
   60   810
   56   812
   58   814
   64   815
   60   817
   63   819
   65   821
   68   822
   67   824
   63   826
   58   828
   66   829
   58   832
   59   833
   60   835
   64   837
   70   838
   67   840
   64   842
   67   843
   69   845
   67   846
   61   848
   64   850
   64   852
   65   854
   64   855
   62   857
   67   859
   68   860
   61   862
   62   864
   63   866
   65   868
   71   869
   64   871
   66   873
   65   874
   63   876
   66   878
   77   879
   67   881
   50   883
   62   884
   51   886
   63   888
   64   889
   65   891
   66   893
   61   894
   68   896
   75   897
   71   899
   74   901
   72   902
   76   903
   80   905
   79   906
   59   907
   61   910
   72   911
   78   912
   74   914
   75   915
   75   917
   70   918
   69   920
   70   922
   74   923
   81   924
   84   926
   75   927
   74   929
   79   930
   83   931
   54   933
   69   934
   75   935
   78   937
   83   938
   83   939
   72   941
   73   942
   74   944
   74   945
   71   947
   72   948
   30   949
   75   951
   84   952
   85   953
   83   954
   72   956
   78   957
   79   959
   75   960
   79   961
   80   963
   74   964
   72   966
   68   968
   66   969
   57   971
   60   973
   60   975
   62   977
   63   979
   57   981
   62   983
   61   985
   57   987
   60   989
   59   991
   63   993
   57   995
   55   998
   57  1000
   52  1002
   50  1004
   42  1007
   58  1010
   55  1012
   53  1014
   60  1016
   60  1018
   40  1021
   46  1024
   56  1026
   51  1028
   53  1031
   54  1032
   58  1034
   59  1036
   60  1038
   31  1041
   47  1044
   51  1046
   48  1049
   47  1051
   49  1054
   46  1056
   46  1058
   45  1061
   47  1063
   44  1065
   43  1068
   47  1070
   46  1073
   44  1075
   47  1078
   43  1081
   45  1083
   39  1085
   45  1087
   42  1089
   36  1092
   36  1094
   46  1095
   48  1097
   44  1100
   43  1102
   41  1104
   40  1105
   35  1110
   32  1112
   38  1114
   44  1116
   39  1118
   41  1120
   40  1122
   38  1124
   41  1126
   39  1128
   42  1131
   38  1133
   44  1136
   40  1137
   39  1140
   36  1143
   37  1145
   34  1147
   43  1149
   33  1151
   35  1154
   39  1156
   33  1158
   34  1160
   33  1163
   39  1166
   34  1168
   36  1170
   34  1173
   37  1175
   31  1177
   36  1179
   37  1182
   28  1184
   34  1187
   39  1190
   39  1192
   37  1194
   39  1197
   38  1201
   37  1203
   34  1205
   36  1207
   34  1210
   35  1212
   38  1215
   36  1217
   37  1220
   37  1222
   41  1224
   36  1226
   37  1229
   34  1232
   35  1233
   34  1236
   33  1239
   36  1242
   32  1245
   34  1248
   36  1250
   39  1252
   27  1254
   31  1257
   27  1259
   32  1262
   27  1267
   22  1271
   36  1274
   37  1276
   36  1278
   25  1281
   34  1283
