    7     4
    7     8
    8    12
    7    16
    8    20
    9    23
    9    26
    8    31
   10    35
    8    39
    8    43
    9    47
    8    51
    7    54
    8    57
    8    60
   11    66
    7    69
    7    73
    7    76
    7    79
    7    83
    7    86
    7    90
    7    94
    8    97
    8   100
    7   103
    7   106
    8   109
    8   112
   12   114
   14   117
   15   120
   16   123
   15   127
   14   130
   13   134
   14   138
   13   142
   11   145
   12   149
   13   152
   11   156
   12   159
   12   163
   11   166
   12   169
   13   172
   16   176
   11   179
   12   182
   12   186
   12   190
   13   194
   12   198
   13   201
   13   205
   12   208
   14   212
   12   216
   15   219
   13   223
   13   227
   13   230
   14   234
   18   239
   13   243
   14   246
   13   249
   13   253
   13   255
   13   259
   13   262
   15   266
   14   269
   14   272
   16   276
   16   279
   15   282
   14   286
   15   289
   16   292
   18   295
   14   298
   15   301
   17   305
   16   308
    8   310
   20   313
   22   317
   19   320
   17   323
    6   325
   21   329
   16   332
   21   337
   14   340
   18   343
   17   346
   15   349
   16   353
   17   356
   16   359
   16   362
   19   365
   17   368
   15   371
   19   374
   17   377
   20   380
   18   384
   20   386
   19   390
   19   393
   17   397
   21   400
   20   403
   21   407
   21   410
   18   413
   24   417
   19   420
   20   422
   19   425
   17   427
   19   429
   23   432
   24   435
   25   438
   24   440
   32   443
   22   445
   27   447
   20   451
   24   454
   24   456
   26   459
   23   462
   27   465
   18   468
   23   471
   25   474
   24   477
   25   480
   25   482
   25   485
   26   488
   24   490
   23   493
   29   496
   22   499
   26   501
   24   504
   26   507
   27   509
   25   512
   25   514
   26   517
   28   519
   27   522
   27   524
   30   527
   28   529
   25   532
   21   536
   26   538
   23   540
   27   542
   29   545
   31   547
   31   550
   30   552
   31   555
   31   557
   31   559
   31   561
   32   564
   30   566
   31   569
   28   571
   33   573
   31   575
   37   577
   33   580
   34   582
   34   584
   34   586
   36   588
   35   590
   33   592
   33   594
   33   596
   33   598
   36   601
   32   603
   33   605
   35   607
   36   609
   36   611
   37   612
   37   614
   36   616
   40   617
   45   618
   43   620
   42   622
   36   623
   37   625
   37   627
   38   629
   39   631
   38   632
   39   634
   37   636
   41   637
   37   639
   39   641
   38   643
   41   645
   39   646
   43   648
   41   650
   45   652
   44   653
   46   655
   46   656
   44   657
   45   659
   41   661
   37   663
   39   665
   36   667
   36   669
   36   671
   33   673
   34   675
   38   677
   37   678
   33   680
   32   682
   29   685
   34   686
   32   689
   30   691
   30   693
   30   696
   32   698
   32   701
   32   703
   31   706
   31   709
   32   711
   30   713
   30   715
   32   718
   28   720
   32   722
   32   724
   33   727
   29   729
   34   731
   29   734
   31   736
   31   739
   33   741
   33   743
   33   745
   27   748
   29   750
   31   753
   30   755
   30   758
   30   760
   28   763
   31   765
   28   768
   28   770
   27   773
   27   775
   25   778
   28   781
   27   784
   25   786
   29   789
   27   791
   27   794
   28   797
   25   799
   26   802
   26   805
   24   807
   26   811
   26   814
   27   816
   23   819
   22   822
   24   824
   23   827
   26   829
   23   832
   24   835
   25   838
   21   841
   23   844
   24   847
   23   850
   23   852
   25   855
   25   858
   22   861
   24   864
   24   867
   24   870
   22   872
   24   876
   23   879
   22   882
   24   884
   23   887
   24   890
   24   892
   21   895
   24   898
   23   900
   23   903
   22   905
   24   908
   24   911
   23   914
   22   916
   22   919
   20   921
   22   924
   21   926
   24   930
   21   933
   20   935
   21   938
   20   941
   20   944
   21   947
   21   949
   23   953
   21   956
   21   958
   21   961
   21   964
   20   967
   21   970
   22   972
   20   975
   22   977
   25   981
   22   984
   22   986
   19   989
   15   992
   19   995
   20   998
   19  1001
   19  1004
   20  1007
