   10     3
    9     8
   10    12
   11    16
   10    21
   12    25
   12    29
   12    34
   10    38
    9    42
    9    46
   10    50
    9    54
    9    59
   11    63
   10    66
   11    70
   12    73
   10    76
   10    81
   10    85
   10    89
   11    93
   14    97
   11   101
   10   105
    7   108
    5   114
   11   116
   12   119
   21   125
   17   127
   18   130
   16   133
   15   137
   11   140
   14   143
   15   148
   13   152
   16   155
   13   159
   15   162
   16   165
   17   168
   15   172
   11   174
   20   177
   18   180
   16   184
   18   187
    5   191
   15   197
   19   200
   23   203
   23   206
   21   209
   13   212
   20   216
   18   218
   19   222
   16   225
   20   228
   17   231
   19   234
   18   236
   14   239
   20   242
   20   245
   19   249
   21   252
   19   255
   14   258
   21   261
   20   265
   18   268
   19   270
   18   274
   19   277
   24   282
   20   285
   18   288
   16   291
   16   294
   15   297
   16   301
   20   304
   19   307
   20   311
   19   314
   19   318
   18   321
   20   324
   15   327
   18   331
   15   334
   16   337
   19   340
   14   343
   24   347
   22   350
   22   353
   17   356
   26   359
   21   362
   25   364
   24   367
   22   370
   14   374
   23   376
   23   380
   24   382
   22   385
   24   387
   25   390
   24   392
   20   394
   17   400
   25   403
   22   407
   25   410
   24   414
   26   417
   24   420
   24   423
   27   426
   28   429
   18   433
   25   437
   26   440
   26   443
   28   446
   25   449
   27   452
   27   456
   27   459
   27   462
   27   464
   26   468
   23   471
   28   474
   28   477
   31   479
   31   482
   33   484
   30   487
   30   489
   32   492
   32   495
   30   498
   22   501
   31   505
   30   508
   30   511
   35   513
   34   516
   34   519
   28   521
   29   524
   32   526
   29   529
   32   532
   35   535
   27   538
   36   540
   36   543
   37   545
   37   548
   38   550
   39   552
   39   555
   37   557
   38   559
   37   562
   39   565
   36   568
   37   570
   39   572
   39   575
   40   577
   41   580
   38   582
   38   585
   38   587
   37   589
   39   592
   38   595
   40   597
   39   599
   37   602
   35   604
   44   606
   43   608
   34   611
   39   613
   41   616
   40   618
   44   620
   43   622
   46   624
   44   626
   45   628
   45   630
   45   632
   44   634
   45   636
   44   638
   36   640
   43   642
   40   644
   43   646
   45   648
   39   651
   43   653
   48   654
   37   657
   41   658
   35   660
   42   662
   46   664
   46   665
   44   667
   44   669
   42   671
   46   673
   45   675
   36   677
   38   679
   37   681
   44   682
   45   684
   46   686
   45   688
   45   690
   45   691
   46   693
   45   695
   44   697
   40   699
   43   701
   47   703
   46   705
   45   707
   44   709
   43   711
   42   713
   45   715
   44   716
   42   718
   41   720
   35   723
   43   725
   44   727
   44   729
   43   731
   43   733
   43   735
   41   737
   41   740
   40   742
   40   744
   40   746
   39   748
   39   750
   38   752
   37   754
   39   756
   38   758
   36   760
   36   762
   36   764
   36   766
   35   769
   36   771
   35   773
   28   776
   36   778
   35   780
   36   782
   34   785
   34   787
   33   790
   35   792
   34   794
   34   797
   30   800
   31   804
   29   806
   30   809
   32   811
   30   814
   31   816
   15   817
   26   821
   29   823
   29   826
   31   828
   30   831
   30   834
   26   837
   30   840
   28   842
   29   844
   28   847
   28   850
   28   852
   30   854
   29   857
   28   859
   30   862
   29   865
   26   867
   24   870
   27   873
   27   876
   28   878
   27   881
   27   884
   26   886
   28   889
   28   891
   26   893
   17   897
   27   900
   25   902
   27   905
   25   907
   26   910
   27   912
   27   915
   26   918
   24   921
   26   923
   24   925
   25   929
   26   931
   23   934
   26   937
   24   941
   25   943
   25   946
   23   949
   16   952
   26   957
   20   959
   22   962
   21   964
   22   967
   21   970
   23   972
   23   975
   25   978
   24   983
   16   987
   20   990
   20   993
   22   996
   25   999
   24  1002
   21  1004
   24  1008
   22  1010
   22  1013
   19  1016
   16  1020
   23  1023
   20  1026
   23  1029
   27  1032
   23  1036
   23  1039
   22  1041
   20  1044
   22  1047
   20  1050
   17  1052
