   14     1
    6     4
    5     7
    5    10
    5    14
   10    16
   11    20
    6    23
    8    27
    9    31
    8    35
    9    38
    8    42
    8    46
    7    50
    8    54
    8    57
    8    61
    8    66
   13    69
    9    72
    8    75
    7    78
    6    83
    7    86
    7    89
    7    94
    8    98
    7   101
    8   105
    6   108
    9   112
    6   114
   18   120
   10   122
   15   125
   12   128
    6   130
    7   133
   13   136
   11   139
   13   141
   13   144
   12   147
    5   150
    9   153
   12   157
    7   161
   23   164
   16   166
   15   169
   12   170
   16   172
   17   175
   24   179
   28   181
   15   184
   17   187
   13   190
   10   194
   17   197
   13   199
   17   201
   12   204
   18   206
   20   208
   17   209
   13   212
   15   214
   18   216
   16   218
   17   220
   17   222
   17   224
   19   227
   13   229
   13   232
   20   235
   17   237
   21   239
   20   241
   19   243
   20   246
   18   248
   22   250
   19   253
   19   255
   16   258
   19   260
   19   262
   16   264
   15   267
   19   269
   20   271
   18   274
   21   276
   17   279
   24   281
   18   283
   22   285
   21   287
   15   290
   17   292
   16   294
   16   296
   17   298
   23   300
   21   302
   16   304
   24   306
   26   308
   20   309
   18   311
   21   314
   21   316
   17   317
   19   319
   17   322
   20   323
   17   325
   19   327
   20   329
   17   331
   17   333
   19   334
   18   336
   14   339
   19   341
   28   344
   22   346
   22   348
   26   350
   19   352
   23   354
   17   357
   17   359
    3   361
   32   364
   18   367
   17   370
   15   372
   22   373
   19   376
   21   378
   18   380
   15   382
   19   384
   19   385
   16   388
   18   390
   17   392
   16   394
   18   396
   16   398
   20   400
   18   402
   18   404
    9   406
   15   408
   21   410
   21   414
   17   416
   20   418
   20   420
   15   423
   20   426
   23   429
   19   430
   16   433
   19   435
   23   437
   16   439
   15   442
   21   444
   19   447
   22   449
   25   451
   22   452
   29   454
   32   456
   24   458
   18   461
   13   463
   18   466
   26   468
   26   469
   39   471
   34   473
   21   475
   26   476
   21   478
   17   480
   20   482
   17   484
   20   486
   15   489
   27   490
   22   492
   24   494
   18   496
   16   499
   22   501
   27   502
   25   504
   26   506
   24   508
   28   509
   29   511
   24   513
   23   515
   26   517
   27   519
   20   521
   25   523
   24   524
   32   526
   31   528
   32   530
   32   531
   33   533
   26   535
   29   536
   28   538
   27   540
   32   542
   19   544
   28   546
   29   548
   22   550
   28   551
   23   554
   26   555
   26   557
   25   559
   22   561
   29   563
   30   564
   26   567
   28   568
   33   570
   27   572
   31   574
   26   576
   30   578
   30   580
   32   581
   30   583
   33   585
   32   587
   32   588
   31   590
   33   592
   31   593
   35   595
   36   596
   26   598
   31   600
   30   602
   26   604
   32   606
   38   607
   33   609
   38   611
   44   613
   41   615
   34   617
   32   619
   33   621
   33   623
   42   624
   36   626
   35   628
   39   629
   34   631
   40   633
   41   635
   35   636
   34   638
   35   640
   37   642
   38   644
   37   645
   35   647
   38   648
   37   650
   39   651
   35   653
   41   655
   35   657
   34   659
   35   660
   22   663
   42   664
   45   665
   33   667
   39   668
   37   670
   31   672
   34   673
   23   676
   42   677
   37   679
   47   681
   33   682
   30   684
   35   686
   40   688
   31   690
   36   692
   45   693
   35   695
   28   697
   33   699
   41   701
   36   703
   39   705
   32   707
   43   709
   46   710
   42   712
   46   714
   40   715
   43   717
   41   718
   43   720
   54   721
   50   723
   45   725
   37   727
   46   728
   35   730
   45   731
   59   733
   45   734
   33   736
   45   738
   33   740
   45   741
   46   743
   46   744
   44   746
   46   747
   46   748
   46   750
   50   752
   46   754
   46   756
   39   757
   39   759
   48   761
   44   763
   45   764
   58   766
   38   768
   49   770
   40   771
   50   773
   38   774
   50   776
   38   778
   52   779
   32   781
   48   783
   48   785
   39   786
   47   788
   50   790
   36   792
   55   793
   60   795
   55   796
   47   798
   58   799
   49   801
   48   803
   45   804
   66   806
   58   807
   52   809
   49   810
   54   812
   49   813
   60   815
   62   816
   59   818
   57   819
   59   821
   58   822
   55   824
   55   825
   61   827
   51   829
   57   830
   64   831
   57   833
   58   834
   67   836
   57   837
   62   839
   60   840
   60   842
   63   843
   64   844
   53   846
   60   847
   66   849
   54   850
   57   852
   52   853
   53   855
   48   857
   63   858
   59   859
   54   861
   62   862
   56   864
   50   866
   57   867
   52   869
   54   871
   53   872
   54   874
   48   876
   45   878
   46   879
   56   881
   54   882
   54   884
   57   885
   53   887
   53   888
   49   890
   50   892
   54   893
   56   895
   53   897
   52   898
   49   900
   51   902
   54   904
   47   905
   48   907
   50   909
   49   910
   51   912
   43   913
   43   915
   40   917
   37   919
   41   921
   41   923
   45   924
   40   926
   42   928
   43   929
   43   931
   43   933
   48   934
   53   936
   48   938
   46   939
   42   941
   42   943
   38   945
   39   947
   41   949
   35   951
   46   952
   44   954
   41   955
   39   957
   39   959
   40   960
   40   962
   34   964
   36   966
   39   967
   42   969
   37   971
   39   972
   35   974
   37   976
   33   978
   36   980
   34   982
   31   983
   34   985
   47   986
   40   988
   42   990
   41   991
   38   993
   38   995
   39   996
   40   998
   46  1000
   37  1002
   39  1004
   37  1006
   40  1008
   40  1010
   36  1011
   36  1013
   32  1015
   32  1017
   34  1019
   36  1020
   31  1022
   35  1024
   36  1025
   33  1027
   30  1029
   28  1031
   29  1033
   33  1034
   29  1036
   30  1038
   31  1039
   36  1041
   34  1043
   32  1045
   30  1046
   34  1048
   35  1050
   37  1051
   31  1053
   33  1056
   42  1058
   35  1061
   33  1063
   34  1065
   30  1067
   31  1068
   30  1070
   29  1072
   29  1074
   31  1075
   28  1077
   32  1079
   34  1081
   28  1083
   27  1084
   36  1085
   36  1087
   34  1089
   32  1091
   29  1092
   31  1094
   25  1096
   25  1098
   25  1101
   31  1103
   26  1105
   26  1107
   26  1109
   27  1111
   29  1113
   29  1114
   27  1116
   28  1118
   26  1120
   28  1121
   35  1123
   30  1125
   28  1126
   24  1128
   27  1130
   27  1132
   30  1133
   31  1135
   30  1137
   24  1139
   30  1141
   33  1143
   22  1145
   29  1146
   25  1149
   37  1150
   33  1152
   24  1154
   32  1155
   32  1157
   26  1159
   26  1161
   25  1163
   28  1164
   29  1166
   31  1167
   29  1169
   24  1171
   27  1173
   25  1175
   30  1176
   30  1178
   27  1180
   24  1182
   30  1184
   37  1186
