   12     2
    9     5
    8     8
    7    11
    9    13
    9    16
    9    19
   13    21
   10    23
   10    26
    8    30
   10    32
   12    36
    9    39
    7    42
    6    46
    5    51
    7    54
    6    57
    9    60
    4    63
    9    66
    9    69
    9    72
    9    75
    9    78
    9    81
    9    84
   10    86
    8    90
   12    94
    9    97
    9   100
    9   103
    8   106
   10   110
    5   114
   16   116
   14   119
   13   121
   16   125
   12   127
   14   130
   14   132
   16   134
   11   137
   13   139
   12   142
   13   144
   11   146
   13   149
   11   151
    9   156
    7   159
   10   162
   15   166
   11   169
   12   172
   11   175
   12   178
    9   182
   13   185
   11   189
   10   193
   13   196
   12   199
   16   202
   16   204
   14   207
   13   210
   14   213
   14   215
   13   218
   14   220
   10   223
   16   226
   17   228
   16   232
   15   235
   13   238
   12   241
   11   244
   13   247
   11   251
   10   254
   16   257
   16   260
   16   263
   16   266
   14   269
   14   272
   16   275
   15   278
   17   280
   15   283
   14   286
   12   289
   13   292
   13   294
   12   298
   16   301
   15   303
   18   307
   16   310
   15   313
   16   315
   15   317
   12   320
   14   324
   16   326
   17   330
   10   335
   19   337
   17   340
   18   342
   18   345
   17   347
   17   349
   13   352
   17   355
   18   358
   12   361
   15   364
   16   367
   19   370
   19   373
   19   376
   19   378
   20   380
   19   383
   19   385
   17   387
   16   390
   14   393
   18   395
   21   397
   21   399
   20   401
   20   403
    4   406
   19   409
   18   411
   21   413
   20   416
   23   418
   21   420
   20   424
   19   426
   18   428
   16   431
   19   433
   16   435
   18   438
   18   440
   18   443
   22   445
   24   447
   20   450
   19   452
   19   454
   19   457
   23   459
   21   461
   25   463
   25   465
   28   467
   24   469
   22   471
   22   473
   21   476
   25   478
   23   480
   25   482
   18   484
   23   486
   21   488
   19   490
   22   492
   18   494
   14   497
   22   499
   22   500
   26   503
   32   505
   32   506
   32   508
   32   510
   30   511
   24   514
   28   516
   28   518
   25   520
   29   521
   28   523
   27   525
   27   527
   28   529
   28   531
   27   533
   14   536
   24   538
   25   540
   29   542
   31   543
   33   545
   32   547
   35   549
   32   551
   33   553
   31   555
   30   557
   33   559
   32   561
   30   562
   30   564
   31   566
   29   568
   32   570
   31   572
   35   574
   29   576
   34   578
   36   579
   30   581
   33   583
   34   585
   33   587
   33   589
   34   591
   36   592
   38   594
   34   596
   32   598
   33   599
   27   601
   31   603
   33   605
   36   607
   30   609
   28   611
   33   613
   38   615
   33   617
   34   619
   36   621
   38   622
   38   624
   34   626
   28   628
   36   630
   38   631
   39   633
   38   635
   39   637
   39   638
   41   640
   38   641
   30   643
   35   645
   39   647
   43   648
   41   650
   38   652
   39   654
   42   655
   44   657
   45   658
   42   660
   44   661
   42   663
   44   664
   43   665
   42   667
   43   668
   41   670
   41   672
   43   673
   44   674
   40   676
   38   678
   44   679
   43   681
   42   682
   45   684
   46   685
   49   686
   47   688
   45   689
   46   691
   50   692
   53   693
   46   695
   47   696
   51   697
   49   698
   45   700
   45   701
   44   703
   37   704
   40   706
   41   707
   44   709
   47   710
   44   712
   47   713
   49   714
   52   716
   48   717
   43   718
   39   720
   38   722
   44   724
   41   725
   38   727
   29   728
   39   730
   40   732
   38   733
   42   735
   44   736
   43   738
   45   740
   44   741
   45   743
   47   744
   45   746
   44   747
   42   749
   42   750
   41   752
   41   753
   42   755
   39   756
   37   758
   26   760
   34   762
   44   763
   40   765
   42   767
   42   768
   40   770
   43   772
   41   773
   42   775
   43   776
   45   778
   38   780
   40   781
   37   783
   38   784
   39   786
   39   788
   37   789
   36   791
   36   793
   37   794
   37   796
   36   798
   33   799
   34   801
   32   803
   32   805
   34   807
   34   809
   32   811
   32   813
   34   815
   32   816
   34   818
   36   820
   34   822
   30   824
   32   825
   33   827
   32   829
   30   831
   29   833
   29   834
   28   836
   30   838
   29   840
   21   842
    8   845
   30   847
   31   849
   32   851
   31   852
   32   854
   34   856
   34   858
   32   859
   31   861
   24   864
   20   866
   19   869
   28   871
   29   873
   29   875
   31   877
   33   879
   34   880
   31   882
   30   884
   26   886
   26   888
   27   890
   25   892
   25   894
   29   896
   28   897
   26   899
   26   901
   26   903
   26   905
   26   907
   27   909
   27   911
   25   913
   24   915
   26   917
   25   918
   22   921
   13   925
   28   927
   23   930
   28   932
   30   934
   28   935
   29   937
   28   939
   26   941
   18   944
   27   945
   11   949
   23   951
   26   953
   25   955
   25   957
   25   959
   26   961
   26   963
   26   964
   25   966
   25   968
   23   970
   24   972
   24   974
   25   976
   12   978
   15   981
   24   983
   26   985
   25   987
   25   989
   25   991
   28   993
   29   995
   26   996
   23   999
   21  1001
   25  1003
   22  1005
   22  1007
   21  1009
   22  1011
   23  1013
   22  1015
   23  1017
   23  1019
   23  1021
   24  1023
   22  1025
   24  1027
   23  1029
   23  1031
   23  1033
   22  1035
   22  1038
   22  1040
   21  1042
   20  1044
   19  1047
   17  1049
   19  1052
   23  1054
   17  1057
   16  1059
   18  1062
   24  1064
   24  1066
   13  1069
   20  1072
   21  1074
   19  1077
