    8     0
    8     3
    9     6
    9     9
   10    13
   10    16
   12    19
   12    22
   10    25
   10    30
   10    33
   11    36
   11    39
   11    42
   10    45
   11    48
    9    51
    8    53
   11    56
    9    58
    8    61
   10    63
   10    66
   10    69
    9    72
   10    74
   10    77
   11    81
    9    84
    9    88
   13    91
   17    95
   15    98
   13   101
   13   104
   12   107
   13   109
   12   112
   10   115
   14   117
   13   119
   12   122
   11   125
   11   128
   13   130
   13   133
   14   135
   13   138
   15   141
   15   143
   17   146
   17   149
   17   151
   16   154
   19   157
   21   159
   23   162
   21   164
   18   167
   22   169
   19   171
   14   174
   20   177
   16   179
   21   182
   18   184
   20   186
   19   189
   18   191
   17   193
   15   196
   19   199
   18   201
   17   204
   20   206
   22   208
   20   211
   21   213
   19   216
   22   218
   23   221
   26   224
   28   226
   24   228
   19   231
   25   233
   24   235
   25   237
   21   239
   20   242
   19   244
   19   246
   19   249
   21   251
   23   253
   21   256
   23   258
   20   260
   20   262
   21   265
   22   267
   20   269
   21   272
   22   274
   21   276
   22   279
   23   281
   23   283
   25   285
   27   287
   24   289
   23   292
   23   294
   20   296
   21   298
   22   301
   21   303
   21   305
   23   307
   20   310
   23   312
   18   314
   21   317
   17   319
   21   321
   25   323
   22   326
   25   328
   24   330
   24   333
   23   335
   27   337
   28   340
   24   342
   10   346
    9   349
   20   355
   24   358
   24   360
   24   362
   27   364
   29   367
   28   369
   27   372
   30   374
   26   376
   33   378
   27   381
   29   383
   28   385
   30   387
   30   389
   27   391
   29   393
   28   395
   28   398
   18   399
   31   401
   31   404
   28   406
   31   407
   27   410
   26   412
   27   414
   26   416
   23   418
   29   420
   27   422
   25   425
   27   427
   28   429
   27   431
   30   433
   28   435
   35   438
   27   440
   29   442
   28   444
   35   446
   33   448
   32   450
   36   452
   36   454
   32   456
   31   459
   32   461
   32   463
   29   465
   33   467
   32   469
   29   471
   32   473
   33   475
   35   477
   34   479
   33   481
   35   483
   31   485
   36   487
   37   489
   36   491
   36   493
   35   495
   39   497
   49   498
   44   500
   36   502
   41   503
   40   505
   36   507
   39   509
   38   511
   41   513
   41   514
   38   516
   39   518
   38   520
   40   522
   41   524
   39   525
   43   527
   38   529
   38   531
   39   533
   31   535
   31   538
   38   539
   41   541
   34   544
   40   546
   45   548
   44   550
   40   552
   49   553
   48   555
   25   557
   27   560
   41   562
   37   564
   50   566
   42   567
   39   569
   57   570
   56   571
   54   573
   50   574
   50   576
   45   578
   42   580
   43   582
   44   584
   51   585
   55   587
   47   588
   46   590
   44   592
   48   594
   43   595
   48   597
   52   599
   53   600
   50   602
   49   603
   56   605
   53   606
   49   608
   49   610
   57   611
   48   613
   43   615
   52   616
   52   618
   50   620
   52   621
   52   623
   50   625
   48   626
   48   628
   64   630
   60   631
   58   633
   59   634
   53   636
   59   637
   56   639
   71   640
   82   641
   71   642
   63   644
   56   645
   61   646
   59   648
   52   650
   51   651
   58   653
   58   654
   68   655
   58   657
   62   658
   59   660
   60   661
   59   663
   58   665
   59   666
   61   667
   56   669
   52   671
   60   672
   50   674
   50   675
   53   677
   57   679
   53   680
   52   682
   55   684
   51   686
   53   687
   53   689
   53   691
   52   692
   54   694
   52   696
   55   697
   51   699
   53   701
   49   702
   54   704
   55   706
   56   707
   55   709
   56   710
   53   712
   57   714
   54   715
   54   717
   52   719
   53   720
   55   722
   51   724
   52   725
   47   727
   45   729
   46   731
   48   732
   48   734
   47   736
   47   738
   45   739
   42   741
   44   743
   41   744
   46   746
   46   748
   44   750
   43   751
   49   753
   48   755
   49   756
   44   758
   48   760
   43   761
   46   763
   42   765
   46   766
   42   768
   41   770
   41   772
   39   774
   43   775
   42   777
   41   779
   39   781
   38   783
   40   784
   42   786
   41   788
   38   789
   37   791
   38   793
   38   795
   40   797
   40   799
   41   800
   45   802
   41   804
   41   806
   41   807
   38   809
   37   811
   33   813
   37   815
   37   817
   39   818
   45   819
   43   821
   41   823
   43   824
   49   826
   42   827
   39   829
   34   831
   35   832
   36   834
   32   836
   33   838
   30   840
   32   842
   35   844
   32   846
   31   848
   36   850
   35   852
   36   854
   31   856
   35   858
   35   860
   33   862
   33   863
   39   865
   39   867
   36   869
   37   870
   39   872
   35   874
   34   875
   32   877
   31   879
   33   881
   33   883
   36   885
   32   887
   34   889
   30   891
   32   893
   34   895
   30   897
   31   899
   34   900
   29   902
   29   904
   32   906
   32   908
   39   910
   26   912
   31   914
   31   916
   32   918
   29   920
   34   922
   39   924
   35   926
   31   928
   33   930
   30   932
   32   934
   38   935
   35   937
   31   939
   33   940
   43   942
   36   944
   38   945
   31   946
   44   947
   42   948
   42   950
   37   951
   35   954
   36   955
   32   957
   33   959
   35   961
   30   963
   31   964
   31   966
   32   968
   28   969
   31   971
   31   972
   28   974
   30   976
   33   978
   34   979
   31   981
   34   982
   31   984
   31   986
   34   988
   32   989
   31   991
   36   993
   29   995
   27   997
