    8     1
   17     6
    6     9
    5    13
    6    16
    4    21
    5    24
    3    26
    7    31
    7    34
    7    37
    6    40
   10    44
    6    47
    9    50
    7    53
    6    56
    6    59
    6    62
    6    65
    5    68
    6    71
    7    74
    4    77
    4    81
    6    84
   16    87
    4    91
    7    95
    8    98
    7   102
    5   105
    7   108
    6   111
    8   115
    9   118
   16   120
   13   122
   12   125
   15   127
   11   130
   14   132
   13   134
   13   137
   13   139
   16   141
   14   143
   15   146
   15   148
   20   151
   13   153
   22   157
   14   161
   10   164
   12   166
   11   169
   10   172
   12   174
   11   177
   12   180
   11   183
   10   187
   11   190
   10   193
   13   195
   13   198
    9   201
   15   204
   12   207
   13   209
   15   212
   13   214
   14   217
   13   219
   12   222
   13   224
   15   227
   13   229
   13   232
   13   235
    5   239
   17   242
   12   244
   13   247
   12   250
   10   253
   13   256
   11   258
   15   261
   11   264
   10   267
   11   269
   11   272
   12   275
   10   278
   14   281
   10   283
   12   286
   11   289
   12   292
   12   295
   11   298
   14   304
    9   307
   11   310
   11   313
   14   315
   16   317
   15   320
    9   323
   13   325
   13   328
   12   331
   13   333
   17   336
   14   338
   14   341
   12   344
   16   346
   14   349
    9   351
   20   354
   17   356
   15   359
   12   361
   15   363
   15   366
   12   369
   18   371
   17   373
   15   376
   15   378
   16   380
   14   382
   14   384
   19   386
   17   388
   18   391
   16   393
   14   396
   20   399
   15   401
   15   404
   16   406
   18   409
   19   411
   16   413
   16   416
   18   419
   18   421
   17   424
   15   427
   17   429
   17   432
   22   434
   15   437
   15   439
   15   442
   17   445
   16   448
   13   451
   18   453
   20   455
   22   458
   24   462
   20   464
   19   466
   21   469
   17   471
   16   475
   17   478
   19   480
   20   483
   21   485
   21   488
   19   490
   21   492
   20   494
   20   496
   22   498
   21   501
   19   504
   23   506
   15   510
   22   512
   25   515
   20   518
   26   520
   19   523
   26   525
   28   528
   21   530
   22   533
   22   535
   30   538
   19   540
   22   543
   20   545
   20   548
   20   551
   28   553
   23   556
   25   558
   27   560
   21   562
   20   565
   20   569
   18   571
   28   574
   33   576
   24   578
   18   582
   17   584
   27   586
   30   589
   31   591
   25   593
   25   595
   30   597
   31   598
   30   601
   25   603
   30   605
   32   607
   32   609
   26   611
   34   614
   29   616
   28   618
   30   620
   29   622
   31   624
   30   626
   29   630
   28   632
   29   633
   30   635
   26   638
   21   640
   31   642
   27   644
   31   646
   28   648
   32   650
   36   652
   34   654
   34   656
   32   658
   32   659
   35   661
   37   663
   33   665
   36   667
   40   669
   31   671
   37   672
   34   674
   32   676
   39   678
   35   679
   34   682
   30   684
   34   687
   34   688
   42   690
   42   692
   40   693
   31   695
   39   697
   40   699
   39   701
   36   703
   34   705
   34   706
   38   708
   37   710
   30   712
   41   714
   36   715
   43   717
   39   718
   28   720
   39   722
   41   724
   41   725
   34   728
   44   730
   44   731
   54   732
   53   734
   41   736
   43   737
   41   739
   46   740
   42   742
   39   744
   34   745
   39   747
   41   748
   45   750
   43   751
   43   753
   42   755
   39   756
   44   758
   44   759
   41   761
   40   763
   48   764
   45   766
   45   767
   42   769
   40   771
   45   772
   40   773
   50   775
   41   777
   47   778
   47   780
   46   781
   46   783
   41   784
   56   786
   41   787
   44   789
   47   790
   46   791
   51   793
   48   794
   50   796
   44   797
   44   799
   53   800
   50   802
   50   804
   53   805
   57   806
   56   807
   59   809
   56   810
   61   811
   56   813
   55   814
   60   815
   50   817
   52   818
   46   820
   65   821
   60   822
   57   824
   60   825
   68   826
   60   827
   59   828
   59   830
   56   831
   53   832
   61   833
   59   835
   59   836
   52   837
   54   839
   49   840
   53   842
   55   844
   45   845
   55   847
   48   849
   47   850
   42   853
   44   854
   49   856
   47   857
   46   859
   52   860
   46   862
   40   864
   37   866
   37   868
   42   869
   50   872
   43   874
   41   875
   43   877
   42   879
   35   881
   39   883
   28   886
   35   888
   40   889
   47   891
   38   893
   37   895
   34   897
   32   899
   35   901
   30   903
   31   905
   38   907
   32   909
   25   910
   35   912
   37   914
   29   916
   32   917
   29   919
   26   922
   27   924
   30   925
   41   927
   38   928
   26   930
   28   932
   15   936
   31   937
   34   939
   28   940
   36   941
   20   943
    8   945
   18   947
   27   949
   28   951
   27   953
   22   955
   15   956
   29   958
   30   960
   34   962
   20   965
   25   966
   28   968
   23   971
   25   973
   27   975
   34   977
   28   979
   20   982
   23   984
   24   986
   25   988
   23   990
   24   992
   26   994
   24   996
   24   998
   24  1000
   26  1002
   29  1003
   27  1005
   23  1008
   21  1010
   25  1012
   30  1013
   28  1015
   24  1017
   24  1019
   25  1021
   22  1023
   21  1025
   25  1027
   28  1028
   27  1030
   27  1032
   27  1034
   29  1036
   27  1037
   28  1040
   25  1042
   25  1043
   23  1045
   21  1047
   18  1049
   20  1051
   17  1053
   25  1055
   17  1057
   17  1059
   19  1061
   20  1063
   20  1065
   20  1067
   23  1069
   20  1071
   25  1073
   24  1075
   24  1077
   28  1080
   17  1083
   25  1084
   23  1086
   19  1088
   16  1090
   17  1093
   18  1095
   16  1098
   15  1100
   15  1102
   14  1105
   15  1108
   18  1111
   20  1113
   22  1115
   19  1118
   19  1120
   21  1122
   19  1124
   22  1126
   26  1128
   23  1130
   18  1133
   16  1135
   19  1137
   16  1139
   18  1141
   19  1144
   19  1146
   15  1148
   21  1151
   17  1153
   23  1155
   25  1157
    1  1165
