    9     2
   12     6
   10     9
   10    12
    9    16
   10    20
   10    24
   11    27
   10    31
   11    34
   11    38
   12    41
   11    45
   12    48
   13    51
   12    55
    9    58
   10    61
   10    65
   10    68
    7    72
   13    75
   13    78
   14    81
   15    84
   16    87
   14    90
   13    93
   13    97
   14   100
   10   104
   11   107
   10   111
   10   114
   10   118
   13   121
   12   125
   14   129
   18   132
   18   135
   17   139
   19   142
   20   145
   17   148
   18   152
   17   155
   17   159
   16   162
   16   166
   16   169
   16   173
   17   176
   16   179
   18   182
   16   185
   19   189
   18   192
   19   197
   18   200
   17   204
   13   207
   17   211
   17   214
   18   217
   17   220
   19   224
   17   227
   14   230
   16   234
   19   237
   16   240
   17   243
   18   247
   22   250
   14   253
   20   256
   18   260
   21   263
   21   266
   21   269
   21   272
   22   275
   23   278
   16   281
   21   284
   19   288
   20   291
   19   294
   20   298
   15   303
   19   307
   23   310
   24   313
   22   316
   17   320
   22   323
   27   325
   23   328
   22   331
   24   334
   22   337
   21   340
   23   343
   18   346
   21   349
   24   352
   21   355
   20   357
   23   360
   26   363
   22   366
   24   369
   22   372
   23   375
   17   379
   21   382
   22   385
   23   388
   24   390
   26   393
   26   396
   21   399
   27   402
   29   405
   26   408
   22   410
   24   414
   22   417
   23   420
   23   423
   27   426
   27   429
   20   432
   24   435
   20   438
   23   441
   22   444
   23   447
   24   450
   29   455
   18   458
   23   462
   25   465
   25   468
   26   470
   23   473
   28   476
   27   479
   31   481
   30   484
   33   487
   28   490
   28   492
   20   495
   29   498
   30   500
   31   503
   27   506
   29   509
   25   511
   34   514
   32   516
   32   519
   32   522
   35   524
   35   527
   34   529
   33   532
   32   534
   25   537
   31   539
   34   542
   33   544
   31   547
   39   549
   33   552
   37   555
   38   557
   33   560
   40   563
   36   565
   40   568
   38   570
   38   573
   35   575
   35   578
   30   580
   32   583
   33   585
   36   588
   43   590
   39   593
   36   595
   38   598
   27   600
   36   603
   27   606
   29   608
   29   611
   32   614
   37   617
   44   619
   39   621
   45   624
   44   626
   37   629
   42   631
   40   633
   35   636
   39   638
   43   641
   37   643
   36   645
   41   648
   34   650
   41   653
   40   655
   46   657
   46   660
   42   662
   28   666
   40   668
   31   671
   37   674
   35   677
   41   680
   46   682
   44   684
   49   687
   50   689
   48   691
   35   694
   40   696
   36   699
   30   702
   35   704
   37   707
   41   709
   40   712
   42   714
   38   717
   32   720
   34   723
   36   725
   33   728
   38   731
   47   733
   43   736
   38   738
   38   741
   38   743
   41   745
   35   748
   39   750
   38   753
   37   756
   33   758
   30   761
   35   764
   36   766
   35   769
   35   772
   36   774
   26   777
   30   780
   29   783
   32   786
   29   789
   29   792
   30   794
   19   799
   31   801
   34   804
   37   807
   36   809
   37   812
   35   814
   29   817
   35   820
   33   822
   33   825
   27   828
   25   831
   25   834
   23   837
   26   839
   27   842
   24   845
   33   848
   34   851
   33   853
   30   856
   30   858
   31   861
   29   864
   26   867
   27   869
   31   872
   28   875
   28   878
   25   881
   16   884
   26   887
   23   890
   25   893
   28   895
   26   898
   27   901
   27   904
   27   907
   28   910
   27   912
   27   915
   29   918
   19   921
   28   924
   24   927
   27   930
   25   933
   26   936
   21   939
   24   942
   28   945
   26   948
   29   951
   21   954
   24   957
   25   960
   19   963
   25   966
   23   969
   25   972
   24   975
   26   978
   25   981
   23   984
   22   987
   23   990
   25   993
   23   996
   24   999
   24  1002
   20  1005
   21  1008
   25  1012
