    2     2
    3     5
   17     8
    2    11
   16    17
    5    20
    6    23
   11    27
   13    31
   10    35
    9    38
    8    41
    3    46
   21    51
    5    55
    5    59
   13    62
   10    65
    8    68
   15    73
    6    78
    3    82
    7    85
    5    90
   15    94
   22    97
    9   103
   13   107
    7   110
   10   113
    4   117
    6   124
    8   128
   14   131
   14   134
   19   137
   18   139
   22   142
   20   144
   21   147
   14   150
   21   152
   13   155
   14   157
   27   159
    9   164
   33   168
   25   171
   32   174
    9   176
   18   178
   14   180
   10   185
    8   188
    8   191
    7   193
   17   196
   26   199
   27   202
   23   205
   24   207
   15   210
   17   213
   18   216
   17   219
   13   222
   19   225
   16   228
   19   230
   14   233
   13   237
   17   240
   15   243
   22   245
   18   248
   15   249
   23   252
   16   255
   16   258
   22   261
   34   264
   13   269
   11   272
   17   275
   14   277
   12   280
   14   283
   12   286
   14   289
   12   292
   14   295
   14   299
   15   302
   21   304
   22   306
   20   309
   22   312
   21   315
   25   317
   19   320
   22   322
   10   325
   15   328
   19   330
   18   333
    4   335
   21   337
   15   340
   17   343
   22   346
   34   349
   19   352
   17   354
   19   357
   20   360
   20   362
   24   365
   16   368
   17   371
   15   373
   15   375
   20   377
   26   379
   23   382
   25   384
   23   387
   23   391
   34   393
   18   396
   25   399
   24   401
   25   403
   22   406
   25   408
   20   410
   21   413
   17   415
   23   418
   18   420
   22   423
   24   425
   15   428
   26   430
   26   433
   25   435
   27   437
   35   440
   28   442
   24   445
   21   448
   25   450
   23   453
   14   455
   46   458
   14   460
   26   464
   20   466
   28   469
   21   472
   17   475
   25   478
   18   479
   23   481
   18   483
   29   486
   29   488
   32   491
   35   492
   30   495
   27   497
   34   499
   36   502
   26   504
   26   507
   28   509
   34   511
   30   514
   27   516
   37   520
   26   521
   25   524
   19   527
   26   529
   27   532
   26   535
   27   537
   30   539
   20   541
   30   544
   21   547
    9   548
   34   551
   28   554
   19   555
   42   558
   37   560
   33   562
   42   565
   34   567
   40   569
   30   571
   33   573
   29   575
   34   577
   33   580
   30   582
   29   584
   28   587
   38   589
   37   591
   36   593
   30   596
   32   598
   26   601
   10   602
   49   604
   43   607
   35   609
   39   611
   31   613
   29   616
   26   618
   42   621
   46   623
   42   626
   39   629
   31   631
   39   634
   33   637
   25   639
   32   641
   39   644
   35   646
   48   648
   39   651
   41   654
   45   656
   38   658
   38   661
   35   663
   43   665
   45   667
   49   669
   44   671
   39   673
   54   675
   35   676
   50   678
   44   680
   44   682
   44   684
   47   686
   44   687
   46   689
   36   691
   40   693
   41   695
   34   697
   47   700
   42   703
   46   705
   45   707
   52   709
   51   711
   42   713
   49   715
   47   717
   43   719
   46   721
   48   723
   52   725
   43   727
   41   729
   41   731
   36   733
   40   735
   44   737
   40   739
   49   740
   46   743
   49   745
   52   747
   46   749
   50   751
   55   753
   48   755
   53   757
   49   759
   54   761
   49   763
   52   765
   52   767
   49   769
   42   771
   52   773
   56   775
   49   777
   56   779
   60   781
   51   782
   50   784
   57   786
   51   788
   58   789
   61   791
   53   793
   44   795
   49   797
   50   798
   49   800
   52   803
   38   805
   42   806
   27   807
   62   808
   55   810
   53   812
   47   815
   50   817
   49   819
   48   821
   58   823
   51   825
   54   827
   49   829
   54   831
   65   832
   55   835
   53   836
   53   838
   49   840
   53   842
   51   845
   53   847
   55   849
   47   851
   59   852
   56   854
   47   856
   58   858
   56   859
   51   861
   58   863
   53   865
   60   867
   62   869
   45   870
   49   872
   55   874
   67   876
   57   878
   64   879
   63   881
   59   882
   54   885
   55   886
   55   888
   58   890
   54   891
   63   893
   57   895
   62   897
   54   899
   56   900
   59   902
   59   903
   54   905
   45   908
   54   910
   43   913
   51   916
   48   918
   50   920
   46   922
   47   925
   48   927
   47   929
   49   932
   48   934
   46   936
   47   938
   47   940
   42   942
   46   944
   41   947
   37   949
   43   952
   43   954
   45   956
   45   958
   42   960
   28   961
   25   964
   41   966
   43   968
   42   970
   44   972
   47   974
   45   976
   41   978
   42   981
   39   983
   40   985
   36   988
   35   990
   29   993
   28   997
   39  1000
   33  1003
   40  1005
   40  1007
   40  1009
   39  1011
   31  1013
   41  1015
   38  1017
   36  1019
   37  1022
   41  1023
   41  1025
   37  1027
   39  1029
   35  1032
   32  1034
   33  1036
   31  1038
   32  1040
   31  1043
   31  1045
   34  1047
   33  1049
   32  1052
   24  1054
   29  1057
   30  1060
   33  1062
   30  1065
   42  1066
   33  1069
   33  1071
   33  1073
   31  1076
   36  1079
   23  1080
   29  1082
   27  1084
   33  1087
   34  1089
   28  1091
   40  1094
   31  1097
   29  1099
   25  1102
   24  1104
   31  1107
   26  1109
   23  1112
   29  1114
   25  1116
   26  1118
   36  1121
   28  1124
   32  1126
   27  1129
   29  1131
   26  1133
   24  1136
   27  1139
   12  1141
   30  1143
   26  1146
   28  1148
   31  1151
   30  1153
   31  1155
   30  1158
   26  1160
   29  1163
   28  1165
   28  1168
   24  1170
   40  1173
   31  1176
   22  1178
   28  1181
   27  1183
   24  1186
   22  1188
   27  1190
   26  1193
   28  1196
   21  1198
   31  1200
   31  1202
   18  1203
   23  1205
   26  1208
   17  1209
   25  1211
   24  1214
   21  1216
   44  1217
   24  1220
   28  1222
   26  1225
   33  1227
   24  1230
   26  1232
   26  1234
   23  1236
   20  1239
