   11     3
   11     6
   11     9
    9    13
   12    17
   16    20
   15    23
   16    26
   11    29
   15    32
   13    36
   15    39
   12    42
   14    45
   10    48
   17    51
   10    54
   12    57
   11    60
   10    63
   13    67
   13    70
   12    73
   13    76
   12    79
    9    82
   16    85
   13    88
   13    91
   14    94
   13    97
   16   100
   12   104
   12   107
   14   111
   14   114
   13   117
    9   125
   22   127
   21   131
   22   134
   24   137
   23   140
   18   143
   20   146
   20   149
   19   152
   19   155
   20   158
   19   161
   20   164
   19   167
   19   169
   19   172
   23   175
   18   178
   20   181
   21   184
   22   187
   23   189
   23   192
   26   195
   24   198
   23   201
   20   203
   25   206
   23   209
   23   211
   22   214
   20   217
   17   220
   22   222
   24   225
   22   227
   21   230
   21   233
   16   236
   24   238
   23   241
   15   243
   24   246
   23   248
   22   251
   30   255
   16   258
   21   260
   20   263
   20   266
   19   268
   14   271
   20   273
   22   276
   22   279
   25   281
   23   284
   25   286
   19   289
   27   292
   19   294
   26   297
   23   299
   24   302
   17   304
   22   306
   22   308
   26   311
   26   313
   25   315
   26   317
   14   319
   24   321
   22   324
   19   326
   29   328
   30   330
   27   332
   26   335
   22   337
   25   340
   23   342
   24   344
   29   347
   28   349
   29   351
   27   353
   26   356
   16   358
   28   360
   24   362
   21   364
   23   367
    8   369
   18   372
   28   374
   26   377
   24   379
   31   381
   33   385
   32   387
   27   389
   33   391
   33   394
   33   396
   36   398
   32   400
   32   402
   31   404
   27   406
   35   409
   30   411
   29   413
   20   415
   28   417
   32   419
   33   421
   32   423
   31   425
   38   427
   36   429
   35   431
   35   433
   27   435
   42   437
   43   439
   34   441
   40   443
   40   445
   35   447
   40   449
   38   451
   17   455
   31   457
   33   459
   33   461
   35   463
   42   465
   35   467
   38   469
   43   470
   43   472
   40   474
   38   476
   42   478
   36   479
   28   481
   34   483
   25   485
   29   487
   41   489
   38   490
   42   492
   33   494
   26   496
   45   498
   51   500
   41   502
   45   504
   37   506
   36   508
   41   510
   35   513
   33   515
   36   517
   32   519
   33   521
   41   524
   37   526
   21   528
   40   531
   37   533
   34   535
   41   537
   41   539
   38   541
   37   543
   41   545
   38   548
   36   550
   39   552
   40   554
   35   556
   36   558
   39   560
   39   562
   32   565
   37   567
   34   569
   38   571
   36   573
   33   575
   19   578
   37   580
   36   582
   37   584
   36   586
   34   589
   37   591
   35   593
   22   596
   33   598
   40   601
   33   603
   33   605
   37   607
   37   609
   25   611
   32   614
   30   616
   29   619
   19   621
   33   623
   32   626
   21   628
   26   631
   20   633
   21   636
   33   639
   30   641
   33   644
   25   646
   32   650
   34   652
   24   655
   27   658
   30   660
   25   662
   18   665
   23   668
   25   670
   22   673
   27   675
   27   678
   34   680
   22   683
   32   685
   30   687
   32   690
   33   692
   31   694
   27   696
   18   699
   24   701
   18   704
   21   707
   17   709
   25   712
   25   715
   24   718
   26   720
   17   723
   27   725
   20   728
   24   731
   26   734
   25   737
   27   739
   26   742
   13   744
   26   747
   27   749
   25   752
   14   753
   29   756
   23   759
   22   762
   22   764
   22   767
   21   770
   20   773
   26   776
   10   778
   24   782
   18   785
   32   787
   24   790
   22   793
   29   796
   25   799
   18   802
   25   804
   25   807
   21   810
   24   813
   26   816
   22   818
   22   821
   25   824
   20   827
   22   830
   20   834
   21   836
   21   839
    0   855
