    5     1
    7     6
    7     9
   11    15
   12    19
   10    23
   10    27
    9    32
    9    36
    9    41
   10    46
    9    51
    8    55
   12    60
    9    65
    6    68
   11    74
   12    79
   11    83
   10    88
   11    92
    8    96
   10   101
    9   106
    9   111
    9   115
   23   118
   15   121
   19   125
   15   129
   15   133
   11   137
   17   140
   19   144
   18   147
   18   151
   16   154
   15   158
   16   162
   15   165
   14   169
   14   172
   14   176
   14   180
   16   184
   16   188
   15   191
   15   195
   15   199
   17   203
   17   206
   16   210
   15   214
   13   218
   14   222
   14   225
   14   230
   14   233
   15   237
   18   241
   17   245
   17   248
   16   252
   15   256
   15   260
   16   263
   15   268
   16   271
   17   275
   18   279
   18   282
   17   286
   19   290
   19   293
   18   297
   16   300
   11   305
   11   308
   16   313
   19   316
   23   320
   22   323
   23   326
   25   329
   22   332
   20   336
   16   340
   10   346
   16   350
   17   353
   20   356
   20   360
   24   363
   25   366
   23   369
   20   372
   19   375
   20   379
   19   382
   17   386
   18   390
   19   393
   19   396
   19   400
   21   404
   24   407
   23   410
   25   413
   23   416
   23   419
   23   422
   22   425
   25   428
   24   431
   24   434
   24   437
   16   440
   17   445
   21   449
   24   452
   24   454
   30   457
   28   460
   28   463
   25   466
   25   469
   25   472
   24   475
   19   478
   22   482
   10   488
   26   491
   29   494
   28   497
   27   500
   31   503
   31   506
   29   508
   30   511
   26   514
   23   517
   25   520
   26   523
   18   527
   23   531
   23   535
   30   537
   31   540
   32   542
   14   547
   30   550
   30   553
   33   556
   33   559
   29   562
   27   565
   24   568
   28   571
   28   573
   28   576
   24   579
   27   582
   26   585
   27   588
   35   590
   28   593
   25   597
   27   599
   32   601
   30   605
   33   607
   31   610
   30   613
   38   615
   29   618
   26   621
   39   624
   36   626
   40   629
   40   631
   29   634
   35   636
   35   639
   37   641
   38   644
   31   646
   34   649
   35   651
   32   654
   32   656
   35   659
   30   661
   34   664
   38   666
   30   669
   31   672
   34   675
   34   677
   32   680
   27   684
   34   686
   42   688
   40   691
   22   694
   30   696
   38   699
   34   701
   30   705
   35   707
   46   710
   32   713
   39   716
   45   718
   42   721
   41   723
   42   725
   37   728
   41   731
   45   733
   42   735
   39   738
   43   740
   35   743
   40   745
   26   748
   28   752
   40   754
   36   757
   34   760
   41   762
   47   765
   33   768
   26   771
   35   774
   40   777
   48   779
   52   781
   46   783
   33   786
   46   788
   48   790
   52   792
   49   794
   50   796
   53   798
   41   800
   48   802
   53   804
   54   806
   48   808
   44   811
   48   813
   47   815
   47   817
   38   819
   41   822
   45   824
   41   826
   44   829
   43   831
   46   833
   49   835
   51   837
   39   840
   35   843
   54   845
   54   847
   58   849
   60   851
   45   853
   45   856
   55   857
   56   859
   35   862
   32   866
   36   868
   52   871
   58   873
   58   875
   45   877
   45   879
   47   881
   58   883
   60   885
   62   887
   59   889
   63   890
   56   892
   60   894
   49   896
   38   899
   43   901
   38   904
   44   906
   45   908
   40   911
   43   914
   44   917
   47   920
   44   922
   48   925
   51   927
   43   930
   29   933
   37   936
   29   939
   47   942
   53   944
   50   946
   42   949
   40   952
   45   955
   41   957
   40   960
   41   963
    4   966
   44   971
   43   974
   46   976
   41   979
   37   982
   36   985
   37   988
   33   991
   32   994
   31   997
   25  1000
   30  1003
   32  1006
   31  1009
   33  1012
   32  1015
   35  1018
   34  1021
   26  1024
   29  1027
   25  1030
   27  1033
   29  1036
   27  1039
   28  1042
   29  1045
   28  1048
   29  1051
   28  1054
   29  1057
   30  1059
   18  1064
   14  1068
   27  1071
   33  1074
   34  1077
   33  1079
   29  1083
   29  1085
   28  1088
   21  1092
   18  1096
   19  1099
   20  1103
   23  1106
   24  1109
   24  1112
   22  1115
   21  1119
   24  1122
   22  1126
   25  1129
   25  1132
   23  1135
   25  1139
   19  1142
   22  1145
   20  1149
   19  1152
   21  1155
   19  1159
   18  1163
   21  1166
   22  1169
   21  1172
   21  1176
   21  1179
   19  1183
   18  1186
   21  1190
   19  1193
   16  1197
   19  1200
   21  1203
   26  1206
   20  1209
   21  1213
   17  1217
   18  1220
   17  1224
   20  1227
   20  1230
   19  1235
   21  1238
