   18     0
    7     4
    8     7
   11    10
    9    14
   19    17
    6    21
   17    23
   10    26
   10    31
   11    34
   16    36
   15    38
   13    41
   17    44
   10    48
   12    51
   13    53
   16    55
   14    57
   18    60
    7    62
   13    65
   11    68
   13    70
   10    73
   10    75
    7    81
   10    84
   14    86
   13    89
   17    91
   15    93
   15    95
   16    97
   14   100
   14   103
   14   105
   14   107
   12   109
    4   115
    7   120
   10   123
   14   125
   13   128
   19   131
   17   133
   16   136
   18   138
   17   140
   18   142
   16   144
   18   146
   14   148
   10   151
   14   153
   20   155
   21   157
   21   159
   16   162
   21   164
   22   166
   23   167
    7   169
   16   173
   21   175
   20   177
   21   179
   23   181
   23   182
   24   184
   24   186
   22   188
   21   190
   20   192
   22   194
   14   196
   22   198
   20   200
   22   201
   21   203
   23   205
   22   207
   22   208
   23   210
   22   212
   23   214
   22   216
   26   218
   24   219
   30   221
   29   223
   27   224
   26   226
   26   228
   19   230
   26   231
   17   234
   16   237
   18   240
   22   242
   29   244
   29   245
   25   247
   28   249
   29   250
   30   252
   29   254
   30   255
   29   257
   25   258
   25   260
   27   262
   26   263
   26   265
   24   267
   19   269
   28   271
   27   272
   27   274
   31   276
   29   277
   29   279
   30   281
   22   283
   28   284
   34   286
   41   287
   22   290
   16   293
    3   296
   27   298
   31   300
   25   301
   32   303
   34   305
   38   306
   33   308
   32   309
   29   312
   24   314
   30   315
   31   317
   31   318
   29   320
   28   322
   31   323
   28   325
   28   326
   28   328
   29   330
   31   331
   30   333
   24   335
   37   336
   33   338
   19   340
   30   341
   22   344
   29   345
   29   347
   32   348
   32   350
   30   352
   35   353
   32   355
   28   357
   34   358
   33   360
   29   361
   26   363
   28   365
   22   367
   27   369
   31   370
   29   372
   32   373
   21   376
   27   378
   29   379
   15   382
   31   384
   36   385
   39   386
   29   389
   34   390
   33   392
   29   393
   32   395
   26   397
   30   399
   31   400
   30   402
   36   403
   25   405
   33   407
   39   408
   32   410
   38   411
   35   413
   32   414
   30   416
   30   418
   31   419
   28   421
   37   422
   24   424
   35   425
   30   428
   38   429
   30   431
   29   432
   25   434
   30   437
   29   439
   33   440
   24   442
   29   444
   21   446
   21   448
   34   449
   36   450
   36   452
   36   453
   36   455
   35   456
   36   458
   38   459
   37   461
   38   462
   31   464
   33   466
   27   468
   41   469
   36   470
   38   472
   35   474
   34   475
   32   476
   19   479
   40   480
   38   482
   41   483
   41   484
   44   486
   41   487
   35   489
   28   491
   40   492
   38   493
   35   495
   30   497
   36   498
   26   500
   28   502
   36   503
   33   505
   33   506
   23   509
   29   511
   25   513
   14   517
   20   520
   31   522
   38   524
   19   528
   37   529
   42   531
   44   532
   44   534
   46   535
   43   537
   21   539
   38   541
   38   542
   39   544
   33   547
   29   550
   33   551
   36   553
   41   555
   38   557
   33   558
   30   560
   33   562
   31   563
   33   565
   32   567
   32   568
   29   570
   31   572
   33   573
   27   575
   28   576
   28   578
   24   580
   29   582
   28   584
   22   586
   29   588
   27   589
   30   591
   17   593
   35   595
   27   596
   31   598
   28   600
   32   601
   27   603
   31   605
   28   606
   28   608
   27   610
   25   611
   27   613
   25   615
   27   617
   24   619
   21   621
   30   623
   29   624
   12   628
   30   630
   25   632
   28   633
   29   635
   28   637
   29   638
   26   640
   31   642
   27   644
   26   645
   25   647
   31   648
   13   650
   30   652
   28   653
   22   655
   25   656
   23   658
   23   660
   25   662
   26   663
   25   665
   24   667
   22   668
   23   670
   23   672
   26   673
   31   676
    7   679
   37   681
   28   682
   23   683
   25   685
   24   686
   22   688
   24   690
   23   692
   23   693
   19   696
   23   697
   22   699
   20   701
   23   703
   21   704
   20   706
   11   710
   31   712
   30   713
   26   715
   24   717
   24   718
   25   720
   24   722
   25   723
   19   725
   27   727
   25   728
   23   730
   22   731
   20   733
   22   735
   24   736
   20   738
   19   740
   21   742
   20   744
   22   745
   21   747
   26   749
   24   751
   22   752
   22   754
   24   756
   13   759
   25   760
   23   762
   22   764
   21   766
   23   768
   21   770
   23   772
   21   773
   16   776
   27   777
   25   779
   21   781
   21   783
   15   785
    2   788
   28   791
   27   793
   24   794
   24   796
   27   798
   27   800
   26   801
   27   803
   22   805
   22   807
   21   809
   18   811
    9   815
   15   817
   21   819
   22   821
   25   822
   23   824
   25   826
   28   828
   22   830
   14   834
   10   838
   25   839
