   10     1
    7     5
    7     8
    6    11
    7    15
    7    19
    7    22
    6    25
    7    28
    8    32
    6    35
    7    39
   13    42
   10    45
   11    48
   10    51
   10    54
    9    57
    9    60
   10    63
    8    67
    8    70
    6    74
    6    79
    6    82
    6    86
    6    89
    6    93
    6    98
    6   101
    7   105
    7   109
    6   112
    7   117
    8   120
    8   123
   14   125
   15   128
   17   130
   16   133
   17   136
   18   139
   18   141
   17   143
   18   146
   17   148
   19   150
   17   153
   18   156
   13   158
   15   161
   13   164
   13   166
   15   169
   10   172
   13   174
   13   177
   12   180
   13   182
   19   187
   12   189
   12   192
   17   194
   11   197
   15   200
   15   202
   14   205
   16   208
   17   211
   18   214
   19   217
   19   220
   18   223
   21   226
   24   228
   23   230
   22   232
   21   235
   13   238
   22   241
   20   243
   21   246
   18   249
   22   251
   20   254
   21   257
   21   259
   20   262
   21   265
   21   267
   20   270
   21   272
   19   275
   21   278
   19   281
   19   283
   20   285
   17   288
   19   292
   20   294
   20   297
   18   300
   19   303
   22   305
   23   307
   24   310
   27   312
   24   314
   24   317
   24   319
   29   321
   29   323
   22   325
   21   328
   17   332
   23   334
   20   337
   24   339
   23   342
   14   343
   27   346
   22   348
   21   351
   20   354
   23   357
   24   359
   25   361
   23   364
   24   367
   25   369
   27   372
   23   374
   24   377
   30   379
   28   381
   28   383
   29   385
   28   388
   27   390
   30   393
   31   395
   27   397
   33   400
   31   402
   30   404
   29   407
   34   409
   31   412
   28   414
   29   416
   30   419
   28   421
   30   423
   34   425
   34   427
   35   429
   33   431
   35   433
   25   435
   27   437
   36   439
   34   441
   32   443
   34   445
   33   447
   35   449
   33   451
   34   453
   30   456
   35   458
   34   460
   34   462
   33   464
   32   466
   35   468
   35   471
   34   473
   35   475
   33   477
   34   479
   35   481
   35   483
   34   485
   30   487
   29   490
   33   492
   33   494
   31   497
   31   499
   34   501
   32   503
   35   505
   33   507
   35   509
   34   512
   34   514
   34   516
   33   518
   32   521
   30   523
   30   526
   33   528
   31   530
   29   532
   32   535
   29   537
   31   540
   27   542
   32   544
   23   547
   32   550
   32   552
   31   554
   31   557
   31   559
   31   561
   31   564
   31   566
   30   569
   27   571
   22   575
   32   577
   31   579
   28   582
   27   584
   28   587
   28   590
   27   592
   27   594
   15   596
   28   598
   27   600
   28   603
   28   605
   25   608
   27   612
   25   614
   26   616
   26   618
   25   621
   26   623
   25   626
   24   628
   25   631
   26   633
   24   635
   23   637
   21   641
   24   643
   25   645
   23   648
   24   651
   25   653
   23   656
   24   658
   25   660
   26   663
   27   665
   25   668
   26   670
   24   673
   24   675
   23   678
   22   680
   20   683
   23   686
   22   688
   23   691
   21   693
   21   696
   18   699
   20   701
   22   704
   22   706
   22   709
   20   712
   24   714
   19   719
   22   721
   21   724
   22   727
   23   729
   25   731
   24   733
   22   736
   22   738
   20   741
   23   743
   22   746
   20   749
   22   751
   22   754
   18   756
   19   759
   21   762
   24   764
   23   767
   22   770
   23   772
   23   775
   22   778
   23   780
   21   783
   22   785
   19   788
   20   790
   18   793
   20   796
   16   798
   22   800
   21   803
   22   805
   23   808
   24   811
   23   813
   18   816
   21   818
   17   821
   19   826
   11   829
   15   832
   23   835
   23   837
   23   839
   18   842
   25   845
   23   847
   26   849
   25   852
   25   854
   23   856
   23   859
   21   861
   19   864
   19   866
   20   869
   20   871
   20   873
   23   876
    4   878
   22   882
   19   884
   18   887
