   12     2
   10     5
   10     7
   10     9
   12    12
    8    14
   11    17
   10    19
   13    21
   10    23
   13    25
   13    28
   10    31
    7    34
   10    36
   12    39
    5    40
   12    44
   11    46
    9    48
    9    51
    9    54
   10    57
   11    59
   10    62
   10    64
   10    67
   10    69
   10    72
    9    74
   11    76
   10    78
    7    81
    8    84
    8    86
    7    89
    8    92
    7    94
   13    96
   11    99
   10   101
   10   103
   10   105
    8   107
   13   109
    9   112
   10   114
   13   117
    7   119
   11   121
   11   123
   12   125
   17   127
   15   129
   15   131
   15   134
   14   136
   14   138
   14   140
   17   142
   14   144
   13   146
   14   148
   15   150
   18   151
   16   154
   15   156
   13   158
   13   160
   14   162
   14   163
   16   166
   14   168
   11   170
   19   171
   19   173
   16   175
   16   177
   17   179
   14   182
   17   184
   15   185
   17   187
   16   189
   17   191
   16   193
   16   195
   18   197
   18   199
   17   201
   19   202
   18   204
   18   206
   21   208
   21   209
   20   211
   20   213
   19   215
   19   216
   19   218
   18   220
   18   222
   19   224
   19   226
   19   228
   18   229
   19   231
   20   233
   19   235
   19   237
   18   238
   20   240
   20   242
   19   244
   19   246
   20   247
   22   249
   21   251
   20   252
   20   254
   23   256
   16   258
   23   260
   22   262
   20   264
   22   266
   22   267
   19   269
   20   271
   20   273
   21   275
   21   276
   19   278
   21   280
   21   282
   20   283
   20   285
   22   287
   21   289
   20   290
   21   292
   22   294
   21   296
   22   297
   23   299
   20   301
   21   302
   22   304
   22   306
   21   307
   19   309
   16   310
   23   312
   23   313
   20   315
   16   316
   28   318
   27   319
   29   321
   26   323
   26   324
   22   326
   27   328
   26   330
   26   331
   27   332
   28   334
   30   336
   30   337
   30   339
   26   340
   26   342
   28   343
   24   345
   25   347
   16   348
   19   350
   12   351
   17   353
   19   355
   24   357
   23   359
   19   361
   25   362
   29   364
   30   366
   29   367
   29   369
   17   371
   32   373
   29   374
   28   376
   29   377
   29   379
   29   381
   30   384
   23   385
   23   387
   24   389
   24   390
   26   392
   24   393
   26   395
   25   396
   25   398
   26   399
   27   401
   29   403
   27   404
   26   406
   28   407
   28   409
   30   410
   27   412
   29   413
   25   415
   28   417
   26   418
   24   420
   29   421
   27   423
   27   425
   30   426
   31   428
   30   429
   33   431
   32   432
   33   433
   32   435
   32   436
   33   438
   34   439
   33   441
   33   442
   27   444
   32   445
   28   447
   31   448
   19   450
   34   452
   35   453
   30   455
   33   456
   33   458
   34   459
   32   460
   30   462
   30   464
   31   465
   32   466
   33   468
   37   469
   33   471
   34   472
   32   473
   34   475
   34   476
   36   477
   35   479
   37   480
   36   481
   36   483
   34   484
   32   485
   33   487
   34   488
   33   490
   35   491
   32   493
   33   494
   31   496
   31   497
   31   498
   32   500
   31   501
   29   503
   30   504
   30   506
   30   507
   16   510
   30   511
   28   513
   28   515
   29   516
   29   518
   31   519
   31   520
   29   522
   29   523
   29   525
   17   527
   30   529
   28   530
   27   532
   30   533
   29   535
   28   537
   28   538
   28   540
   29   541
   28   543
   26   545
   28   546
   29   548
   28   549
   27   551
   27   552
   28   554
   28   555
   28   557
   27   558
   26   560
   27   561
   29   563
   27   564
   28   566
   28   567
   28   569
   21   571
   27   572
   26   574
   26   576
   26   577
   27   579
   26   580
   26   582
   27   583
   28   585
   28   586
    4   588
   26   591
   30   592
   26   594
   26   595
   27   597
   25   598
   27   600
   27   601
   28   603
   23   604
   23   606
   17   607
   22   609
   22   610
   11   613
   18   615
   27   617
   26   619
   23   620
   28   622
   24   624
   27   626
   29   627
   30   629
   30   630
   24   632
   27   633
   14   637
   14   639
   13   642
   17   644
   28   646
   28   648
   27   650
   27   652
   18   654
   29   656
   26   658
   27   659
   23   661
   23   663
   11   667
   24   668
   22   670
   24   672
   23   674
   22   676
   22   678
   20   680
   17   682
   18   684
   16   686
   17   688
   19   690
   19   692
   21   694
   22   696
   23   697
   24   699
   23   701
   22   703
   21   705
   22   707
   23   709
   22   711
   20   713
   21   714
   20   716
   20   718
   20   720
   19   722
   20   723
   19   725
   16   727
   10   730
   27   731
   28   733
   23   734
   24   736
   22   738
   24   739
   23   741
   21   743
   23   745
   23   746
   21   748
   19   750
   21   751
   22   753
   21   755
   18   757
   12   759
   15   761
   22   763
   20   764
   34   765
   28   767
   23   769
   14   771
   22   773
   21   775
   20   777
   24   779
   25   781
   22   783
   25   784
   27   786
   26   788
   27   789
   23   791
   18   792
   32   794
   27   796
   18   799
   18   800
   25   802
   17   805
   12   808
   20   809
    7   812
   16   816
   19   818
   17   820
   18   822
   15   825
   17   827
   15   829
   16   831
   17   833
    8   836
   14   839
   14   843
   23   846
   21   848
   20   850
   19   853
   17   855
   19   858
   17   860
   18   863
   18   865
   17   867
   15   870
   15   872
   14   874
   16   877
   14   879
   16   882
   12   884
   14   886
