   16     0
    6     7
   11    13
   10    17
   10    22
   15    26
   14    29
   19    33
   12    36
   12    39
   14    42
   14    46
   15    48
   19    51
   11    54
    7    57
   15    60
   12    63
   17    66
   11    69
    8    72
    8    75
   17    79
    8    82
   12    85
   17    88
   15    91
   15    93
   17    96
   19   100
   17   103
   15   107
   15   110
   18   113
   13   115
    9   118
    7   120
    7   123
   10   125
    9   127
   17   130
   21   132
   25   134
   26   136
   36   138
   35   140
   32   142
   31   145
   29   147
   29   149
   39   151
   30   153
   23   156
   24   158
   21   160
   23   162
   22   165
   23   167
   19   169
   13   172
   13   174
   12   176
   12   178
   10   181
   19   183
   19   187
   29   189
   30   191
   29   193
   30   195
   31   197
   31   200
   28   202
   21   205
   29   208
   21   211
   22   213
   18   216
   28   218
   24   220
   19   223
   16   226
   14   228
   20   230
   20   232
   19   235
   23   238
   20   241
   23   243
   25   246
   23   248
   32   252
   23   255
   18   257
   22   260
   22   262
   18   264
   16   267
   17   269
   19   271
   21   273
   21   276
   23   278
   24   281
   20   283
   28   285
   28   288
   25   290
   26   292
   25   294
   26   296
   23   299
   26   301
   23   303
   24   306
   21   308
   22   310
   25   312
   20   315
   16   317
   13   320
   18   322
   25   324
   24   327
   26   329
   29   331
   20   333
   34   335
   29   338
   27   340
   29   342
   29   344
   28   346
   18   349
   28   352
   20   354
   18   356
   16   358
   19   360
   18   363
   20   365
   21   367
   23   370
   24   372
   23   374
   24   376
   26   378
   30   380
   27   382
   26   384
   23   386
   26   388
   20   389
   30   392
   28   394
   32   396
   28   398
   26   400
   26   402
   27   404
   26   406
   30   408
   29   411
   27   413
   26   415
   20   417
   23   419
   29   420
   31   423
   37   427
   25   429
   26   431
   24   433
   27   435
   31   437
   29   439
   35   441
   34   444
   41   446
   37   449
   33   451
   24   453
   32   456
   24   459
   30   461
   27   463
   28   465
   29   467
   39   470
   25   472
   22   474
   28   476
   30   478
   25   480
   33   482
   34   484
   32   486
   30   488
   31   490
   35   492
   31   494
   31   496
   25   497
   28   499
   31   501
   34   503
   38   505
   34   508
   35   510
   34   512
   33   514
   29   516
   32   517
   36   519
   39   521
   37   523
   33   525
   37   527
   36   529
   25   532
   29   535
   37   537
   38   539
   30   540
   34   542
   33   544
   35   546
   32   547
   39   550
   40   552
   37   554
   35   556
   37   558
   37   560
   39   562
   41   564
   39   566
   38   568
   36   570
   39   572
   38   574
   34   576
   40   578
   39   580
   35   582
   36   583
   39   585
   40   587
   42   589
   39   591
   34   592
   39   594
   37   596
   37   598
   28   599
   32   601
   37   603
   37   605
   39   607
   43   609
   41   611
   41   613
   45   614
   44   616
   48   619
   42   621
   42   623
   36   624
   38   626
   39   628
   39   630
   37   632
   33   634
   39   635
   40   637
   37   639
   42   640
   35   642
   33   644
   33   646
   34   648
   36   650
   37   652
   36   654
   42   656
   39   658
   42   660
   43   662
   41   663
   41   665
   46   667
   46   669
   40   670
   44   672
   39   674
   42   676
   40   678
   38   680
   28   683
   45   685
   46   687
   44   688
   36   690
   35   692
   40   693
   43   695
   48   697
   44   699
   35   700
   43   702
   47   704
   43   706
   42   708
   44   709
   45   711
   43   713
   47   715
   43   716
   44   718
   45   720
   44   722
   48   723
   52   725
   48   727
   47   729
   50   731
   50   732
   49   734
   47   736
   46   738
   45   740
   47   741
   48   743
   46   745
   48   746
   47   748
   37   749
   43   751
   48   753
   50   755
   51   757
   47   758
   41   760
   50   762
   46   763
   49   765
   55   767
   57   769
   54   770
   53   772
   53   774
   54   775
   50   777
   47   779
   45   781
   48   783
   44   784
   45   786
   49   788
   48   789
   49   791
   50   793
   54   795
   52   797
   45   799
   49   800
   53   802
   49   803
   49   805
   54   806
   57   808
   53   810
   53   811
   56   813
   50   814
   52   816
   49   818
   50   819
   48   821
   56   822
   53   824
   58   826
   58   827
   59   829
   50   830
   49   832
   59   833
   63   835
   55   837
   50   839
   58   840
   53   842
   58   843
   57   845
   54   847
   56   849
   60   850
   58   852
   46   853
   52   855
   56   856
   59   858
   50   860
   58   862
   59   864
   59   866
   56   867
   59   869
   58   870
   63   872
   58   874
   56   875
   64   877
   55   878
   56   880
   60   881
   60   883
   60   885
   62   886
   53   888
   66   889
   61   892
   61   893
   57   895
   59   896
   60   898
   54   899
   49   901
   57   902
   52   904
   53   905
   64   907
   65   908
   67   910
   62   911
   63   913
   66   914
   51   916
   58   918
   57   920
   61   921
   66   923
   65   924
   70   926
   62   927
   68   929
   66   931
   63   932
   55   934
   52   935
   56   937
   61   939
   59   940
   61   942
   63   943
   63   945
   64   947
   67   948
   61   950
   64   952
   59   954
   59   955
   60   956
   59   958
   59   959
   61   961
   64   962
   47   964
   60   965
   57   966
   70   968
   69   969
   72   971
   72   973
   70   974
   64   976
   70   977
   67   979
   72   980
   69   982
   66   984
   62   985
   66   986
   72   988
   69   990
   57   991
   68   993
   68   994
   73   996
   67   997
   71   999
   65  1000
   62  1002
   66  1004
   63  1005
   62  1007
   50  1008
   63  1009
   65  1011
   62  1013
   62  1014
   67  1016
   65  1017
   64  1019
   59  1020
   60  1022
   65  1023
   71  1025
   68  1026
   70  1028
   63  1029
   68  1031
   70  1032
   64  1034
   62  1035
   61  1037
   65  1039
   59  1040
   63  1042
   70  1043
   62  1044
   62  1046
   68  1047
   70  1049
   68  1050
   72  1052
   67  1053
   76  1054
   73  1056
   66  1058
   66  1059
   74  1061
   66  1062
   61  1063
   68  1065
   74  1066
   73  1068
   65  1069
   72  1071
   66  1072
   75  1073
   66  1075
   64  1076
   63  1078
   67  1079
   60  1080
   68  1082
   65  1083
   72  1085
   70  1086
   64  1088
   63  1089
   69  1091
   63  1092
   62  1094
   66  1095
   65  1097
   69  1098
   55  1100
   60  1102
   70  1103
   70  1104
   64  1106
   69  1107
   69  1109
   70  1110
   64  1111
   67  1113
   68  1114
   65  1116
   69  1117
   53  1119
   69  1121
   68  1122
   61  1123
   69  1124
   72  1126
   69  1127
   68  1129
   71  1130
   60  1132
   72  1133
   67  1135
   70  1136
   74  1137
   73  1138
   64  1140
   67  1142
   66  1143
   62  1144
   62  1146
   64  1147
   63  1149
   61  1150
   63  1152
   63  1153
   63  1155
   70  1156
   67  1158
   61  1159
   69  1161
   67  1162
   67  1164
   65  1166
   65  1167
   65  1169
   64  1170
   65  1172
   70  1174
   71  1175
   65  1177
   71  1178
   18  1180
   78  1183
   73  1184
   74  1186
   71  1187
   72  1189
   71  1191
   67  1192
   63  1194
   65  1196
   64  1198
   60  1199
   64  1201
   67  1203
   65  1204
   62  1206
   64  1207
   64  1209
   59  1211
   46  1213
   49  1216
   65  1218
   61  1219
   61  1221
   62  1223
   56  1225
   59  1227
   10  1228
   58  1231
   59  1232
   47  1235
   58  1237
   57  1239
   56  1241
   55  1242
   48  1244
   44  1247
   55  1249
   51  1251
   55  1253
   52  1255
   52  1256
   50  1258
   50  1260
   48  1262
   49  1264
   49  1266
    7  1268
   18  1270
   61  1273
   52  1274
   49  1276
   49  1278
   51  1280
   49  1282
   45  1284
   46  1286
   35  1289
   39  1291
   38  1294
   34  1296
   44  1298
   40  1300
   37  1302
   48  1305
   40  1309
   36  1313
   38  1317
   37  1320
   30  1324
   34  1327
   39  1331
   34  1333
   32  1336
   38  1338
   31  1340
   23  1345
   32  1347
   35  1349
   42  1351
   41  1353
   42  1355
   34  1358
   39  1360
   42  1362
   37  1364
   33  1366
   40  1368
   39  1370
   38  1373
   37  1377
   36  1381
   30  1384
   31  1388
   33  1390
   36  1394
   43  1395
   32  1399
   17  1402
   30  1405
   16  1409
   24  1411
   11  1414
   29  1416
   38  1418
   34  1421
   33  1423
   33  1425
   37  1427
   34  1429
   28  1431
   32  1433
   32  1435
   32  1437
   36  1439
   34  1441
   25  1444
   38  1446
   33  1448
   37  1451
   34  1453
   27  1455
   29  1457
   23  1460
   33  1462
   29  1464
   28  1466
   31  1468
   28  1470
   31  1472
   26  1475
    9  1477
   23  1479
   30  1482
   15  1485
    4  1488
   28  1493
   30  1495
   31  1497
   33  1499
   34  1501
   34  1503
   33  1506
   36  1508
   33  1510
   25  1511
   27  1514
   31  1516
   16  1519
   32  1521
   26  1524
   29  1526
   23  1529
   27  1531
   31  1534
   29  1536
   32  1538
   22  1542
   33  1545
    9  1547
   27  1549
   15  1553
   31  1557
   23  1560
   22  1561
   19  1564
   23  1567
   25  1569
   28  1571
   28  1573
   31  1575
   22  1577
   19  1581
   32  1583
   33  1585
   32  1587
   31  1590
   31  1592
   22  1595
   32  1597
   30  1599
   29  1602
   13  1606
   20  1610
   26  1612
   23  1614
   33  1616
   32  1619
   33  1621
