   14     1
   12     5
    8     7
    8    10
    8    14
    9    17
   11    21
   12    24
   12    27
   13    30
   15    33
   14    37
    8    42
   13    44
   16    46
   19    47
   25    48
   38    50
   13    53
   18    54
   13    58
   10    63
    4    68
   21    70
   16    74
   13    77
   39    79
   15    81
   10    84
    4    87
   11    90
   10    95
   21    97
    5   102
    7   105
   11   115
   23   117
   10   123
    8   126
    8   139
   19   142
   27   144
   25   146
   25   149
   23   151
   15   153
    6   156
    9   159
   11   161
    6   164
    7   168
   14   171
   17   173
   16   176
   22   179
   21   181
   15   185
   17   188
   12   192
   13   194
   22   197
   12   201
   11   206
   13   209
   17   212
   28   214
   24   216
   30   218
   17   221
   16   223
   17   225
   27   227
   12   230
   11   233
    8   236
    9   239
   11   242
   12   245
   16   248
   19   251
   20   253
   24   256
   19   258
   23   261
   20   263
   18   266
   19   269
   17   272
   16   274
   12   276
   14   280
   25   283
   13   285
   13   289
   16   292
   14   295
   11   298
   13   302
   10   304
   30   308
   15   311
   25   313
   27   315
   21   317
   17   320
   12   323
   11   326
   12   330
   20   332
   18   335
   18   338
   14   341
   17   344
   18   346
   36   350
   27   354
   15   357
   16   359
   14   362
   13   364
   13   367
   12   369
   17   371
   11   374
   23   377
   18   379
   22   382
   24   384
   24   387
   21   389
   37   392
   20   395
   19   397
   21   399
   20   401
   17   404
   13   405
   14   406
   18   408
   15   410
   14   413
   19   416
   20   419
   22   421
   26   424
   35   426
   23   429
   17   431
   24   434
   25   436
   26   439
   26   442
   22   445
   18   448
   22   450
   21   453
   22   455
   28   458
   28   460
   20   463
   26   465
   25   468
   24   470
   14   473
   26   475
   39   478
   24   481
   28   483
   22   486
   22   488
   23   490
   22   492
   28   494
   18   496
   29   498
   24   500
   27   502
   21   504
   19   507
   22   509
   24   512
   11   516
   18   519
   49   522
   35   524
   32   526
   43   528
   36   530
   39   532
   36   534
   34   537
   54   539
   32   541
   34   544
   25   546
   29   548
   21   550
   26   553
   20   555
   29   557
   25   560
   31   562
   31   565
   13   567
   49   569
   36   572
   34   574
   28   577
   18   580
   19   582
   30   585
   40   587
   36   590
   31   592
   30   594
   35   596
   36   598
   31   600
   36   602
   39   604
   38   606
   43   610
   40   612
   37   615
   29   617
   31   619
   36   621
   34   623
   33   625
   35   627
   28   629
   32   631
   37   633
   39   635
   40   638
   36   640
   37   642
   15   643
   33   646
   33   648
   32   650
   34   652
   39   654
   42   656
   42   659
   43   661
   34   663
   42   665
   41   667
   40   669
   44   671
   48   673
   41   675
   41   677
   36   679
   45   681
   34   683
   34   686
   42   688
   49   690
   45   693
   50   695
   53   697
   51   699
   48   701
   52   702
   47   704
   42   706
   34   708
   38   710
   40   712
   47   714
   42   716
   37   718
   56   720
   50   723
   45   724
   45   726
   50   729
   47   731
   43   733
   43   735
   40   737
   46   739
   48   741
   54   743
   48   746
   49   748
   45   750
   48   752
   41   754
   40   757
   60   758
   42   761
   43   763
   50   765
   43   767
   54   769
   47   771
   48   773
   41   775
   48   777
   43   779
   44   781
   45   783
   27   785
   50   787
   41   790
   50   792
   46   793
   48   795
   50   797
   47   799
   50   801
   54   803
   53   805
   52   807
   45   809
   34   811
   53   813
   52   815
   49   816
   54   818
   49   820
   54   823
   59   825
   61   827
   53   828
   55   830
   55   832
   52   834
   55   836
   47   837
   52   839
   56   841
   54   843
   48   846
   60   848
   53   850
   59   852
   53   854
   45   856
   51   858
   48   859
   58   861
   56   863
   58   865
   51   867
   61   869
   65   871
   62   873
   69   874
   69   876
   65   877
   63   879
   78   881
   74   882
   65   884
   62   885
   59   887
   64   888
   61   890
   64   892
   63   894
   67   896
   71   898
   69   899
   65   901
   65   903
   66   904
   66   906
   63   908
   68   910
   60   912
   54   914
   55   915
   52   917
   62   919
   56   921
   54   923
   58   925
   60   926
   52   928
   49   930
   55   932
   51   934
   50   936
   52   938
   49   940
   47   942
   47   944
   48   946
   46   948
   45   951
   49   952
   51   955
   45   957
   44   959
   43   961
   40   963
   42   965
   42   967
   17   969
   27   973
   45   975
   42   977
   44   980
   45   982
   43   984
   44   986
   43   988
   44   990
   41   993
   45   995
   43   997
   45   999
   36  1001
   39  1003
   34  1005
   37  1007
   35  1009
   40  1011
   40  1012
   53  1015
   29  1016
   36  1018
   15  1025
   30  1026
   33  1029
   36  1031
   32  1034
   40  1036
   44  1038
   32  1041
   34  1044
   32  1046
   31  1048
   30  1050
   29  1053
   32  1055
   29  1057
   32  1059
   29  1061
   29  1064
   34  1066
   32  1068
   31  1070
   30  1072
   33  1074
    8  1077
   33  1080
   40  1082
   28  1084
   32  1087
   26  1090
   27  1092
   27  1094
   28  1096
   22  1098
   28  1101
   24  1103
   20  1106
   23  1108
   21  1111
   22  1114
   23  1117
   23  1119
   23  1122
   32  1125
   32  1127
   31  1129
   27  1131
   28  1134
   25  1136
   29  1139
   26  1141
   27  1144
   24  1146
   25  1149
   33  1151
   19  1154
   41  1157
   16  1161
   22  1163
   22  1166
   22  1169
   22  1172
   21  1174
   36  1177
   12  1180
   28  1182
   27  1184
   39  1187
   17  1189
   25  1190
   27  1192
   19  1195
   24  1197
   16  1199
   24  1201
   19  1203
   23  1204
   19  1206
   24  1208
   15  1210
   17  1212
   15  1215
   23  1217
   24  1219
   24  1222
   32  1223
   31  1226
   24  1228
   22  1230
   20  1231
   21  1233
   31  1235
   22  1238
   15  1240
   16  1243
   22  1245
   20  1247
   21  1248
   42  1251
   24  1253
   30  1255
   19  1257
   22  1259
   19  1261
   17  1263
   19  1265
