    3     6
    3    12
    6    17
    4    19
   22    21
   16    22
    9    27
   15    29
   17    31
   14    33
   14    36
   17    39
   19    41
   17    43
   20    45
   16    48
   19    50
   19    53
   18    55
   19    57
   18    58
   19    60
   19    63
   18    64
   18    66
   18    68
   18    70
   15    72
   16    74
   15    76
   16    77
   14    79
   16    80
   15    82
   13    83
   13    85
   12    87
   12    88
   12    90
    9    92
    7    93
    6    95
    7    97
    6    98
    5   100
    8   103
   11   106
    9   109
   12   111
    9   113
    4   118
    3   124
    5   125
    9   127
   12   130
   11   132
   12   134
   14   136
   12   138
   14   141
   15   142
   17   145
   18   147
   19   149
   21   150
   21   152
   20   154
   21   156
   22   158
   21   161
   22   162
   23   164
   23   166
   24   168
   22   170
   23   172
   22   173
   21   175
   21   177
   21   179
   19   180
   19   182
   16   184
   15   186
   17   188
   15   190
   14   191
   13   193
   13   195
   12   196
   10   198
    8   200
    7   202
    6   204
    4   207
    2   211
    2   218
    3   221
    8   223
    5   225
    4   227
    6   229
    6   230
   13   232
   12   233
   16   235
    6   236
   21   238
   20   240
   22   242
   24   244
   25   246
   27   248
   27   249
   30   251
   28   253
   32   254
   30   256
   31   257
   29   259
   31   261
   32   263
   33   264
   35   266
   35   267
   34   269
   34   270
   35   272
   36   273
   37   275
   35   276
   38   278
   39   279
   37   280
   37   282
   37   283
   38   284
   37   286
   36   287
   33   288
   33   290
   33   291
   32   293
   31   294
   33   296
   32   297
   31   299
   29   300
   28   302
   28   303
   27   305
   26   306
   26   308
   25   309
   25   311
   23   312
   22   314
   21   315
   18   317
   19   318
   16   320
   17   321
   16   323
   15   324
   18   327
   20   329
   11   332
   13   334
   15   335
   11   337
   15   339
   15   341
   18   342
   19   346
   21   347
   22   348
   24   350
   23   351
   26   353
   27   354
   26   356
   28   357
   29   359
   30   360
   32   362
   30   363
   30   365
   37   366
   34   368
   34   369
   36   371
   35   372
   34   373
   36   374
   37   376
   37   377
   37   378
   37   380
   37   381
   38   382
   36   384
   38   385
   39   386
   36   388
   39   389
   34   391
   40   392
   40   393
   26   394
   32   395
   39   396
   32   398
   33   399
   35   400
   37   401
   27   403
   35   404
   35   406
   36   407
   35   408
   36   410
   36   411
   36   412
   35   414
   38   415
   36   417
   36   418
   36   419
   37   421
   35   422
   37   424
   38   425
   41   426
   37   427
   38   429
   33   430
   38   432
   37   433
   40   434
   42   435
   41   437
   37   438
   19   440
   39   441
   41   443
   42   444
   38   445
   33   447
   34   448
   37   449
   39   451
   40   452
   39   453
   41   454
   40   456
   40   457
   41   458
   41   459
   41   461
   42   462
   41   463
   42   464
   42   465
   41   467
   39   468
   45   469
   42   470
   42   472
   43   473
   40   474
   42   475
   46   476
   45   477
   43   479
   43   480
   43   481
   47   482
   40   483
   47   484
   44   485
   44   486
   47   487
   45   489
   40   490
   42   491
   42   492
   43   494
   41   495
   42   496
   42   497
   40   499
   37   500
   41   501
   43   503
   45   504
   46   505
   45   506
   43   507
   45   509
   45   510
   49   511
   40   512
   46   513
   45   514
   39   516
   38   517
   42   518
   40   520
   42   521
   38   522
   33   524
   41   525
   42   526
   42   527
   42   529
   42   530
   40   531
   39   533
   42   534
   40   536
   41   537
   42   538
   39   540
   41   541
   43   543
   41   544
   40   545
   40   547
   38   548
   41   550
   38   551
   38   553
   42   554
   43   555
   43   556
   37   558
   41   559
   40   561
   35   562
   40   564
   41   565
   40   566
   40   568
   42   569
   41   570
   41   572
   40   573
   40   575
   42   576
   40   577
   40   579
   42   580
   43   581
   41   583
   40   584
   38   586
   38   587
   38   589
   38   590
   38   591
   39   593
   39   594
   39   596
   40   597
   39   598
   39   600
   37   601
   37   603
   39   604
   39   606
   38   607
   38   609
   37   610
   39   611
   37   613
   38   614
   40   616
   47   617
   42   618
   42   619
   41   621
   41   622
   43   623
   37   625
   36   626
   37   628
   42   629
   39   631
   39   632
   41   633
   41   635
   39   636
   38   637
   40   639
   41   640
   36   641
   40   643
   38   644
   40   646
   40   647
   38   648
   40   650
   36   651
   36   653
   38   654
   38   655
   40   657
   39   658
   40   659
   38   661
   36   662
   36   664
   36   665
   34   667
   38   668
   36   670
   35   671
   35   673
   40   675
   41   676
   39   677
   41   679
   36   680
   38   681
   37   683
   38   684
   36   686
   41   687
   36   688
   36   690
   37   691
   16   692
   47   693
   39   695
   38   696
   36   698
   38   699
   39   700
   37   701
   35   703
   37   704
   35   705
   33   707
   33   708
   34   710
   35   711
   36   712
   35   714
   35   715
   33   717
   36   718
   33   720
   34   721
   35   722
   34   724
   34   725
   34   727
   34   728
   38   730
   35   731
   35   732
   34   734
   32   735
   34   737
   32   738
   32   740
   35   741
   34   742
   33   744
   31   745
   35   747
   33   748
   35   750
   32   751
   35   752
   35   754
   37   755
   34   756
   35   758
   35   759
   39   760
   38   762
   35   763
   37   764
   40   766
   37   767
   35   768
   33   770
   33   771
   36   773
   33   774
   34   775
   34   777
   33   778
   34   780
   32   781
   34   783
   31   784
   33   785
   32   787
   33   788
   33   790
   34   791
   33   793
   33   794
   32   795
   31   797
   31   798
   30   800
   36   801
   32   803
   28   804
   28   806
   29   807
   30   809
   31   810
   31   812
   33   813
   31   815
   29   816
   30   818
   29   819
   28   821
   28   822
   29   824
   28   826
   29   827
   29   829
   31   830
   29   832
   30   833
   29   835
   27   836
   30   838
   35   839
   32   841
   31   842
   28   844
   31   845
   31   847
   28   849
   29   850
   29   852
   27   853
   24   855
   29   857
   28   858
   29   860
   27   862
   26   863
   27   865
   26   866
   27   868
   26   869
   25   871
   24   873
   22   874
   22   876
   25   878
   25   880
   23   882
   24   884
   24   885
   23   887
   25   889
   24   890
   25   892
   22   894
   23   896
   22   897
   24   899
   22   901
   21   902
   22   904
   22   906
   22   907
   22   909
   20   910
   21   912
   21   914
   22   915
   23   917
   22   919
   23   920
   24   922
   22   923
   21   925
   21   927
   20   929
   21   930
   21   932
   21   934
   21   935
   20   937
   19   939
   19   941
   20   943
   20   944
   21   946
   22   948
   19   950
   18   952
   19   953
   19   955
   20   957
   19   958
   21   960
   19   962
   19   963
   16   965
   18   967
   17   968
   18   970
   19   972
   17   974
   17   975
   19   977
   17   979
   18   980
   19   982
   18   984
   19   986
   18   987
   22   989
   18   992
   17   994
   19   995
   19   997
   17   999
   19  1000
   19  1002
   16  1004
   18  1006
   16  1008
   16  1009
   17  1011
   16  1013
   15  1015
   16  1017
   18  1019
   16  1020
   16  1022
   17  1024
   16  1026
   15  1027
   16  1029
   16  1031
   15  1033
   16  1034
   16  1036
   15  1038
   15  1040
   17  1041
   17  1043
   17  1045
   20  1046
   19  1048
   19  1049
   17  1051
   17  1053
   17  1055
   17  1056
   17  1058
   17  1060
   17  1061
   18  1063
   18  1065
   18  1067
   18  1068
   18  1070
   18  1072
   19  1073
   18  1075
   19  1077
   19  1079
   19  1080
   20  1082
   20  1084
   19  1085
   19  1087
   18  1089
   19  1091
   19  1092
   19  1094
   18  1096
   19  1098
   19  1100
   19  1101
   19  1103
   19  1105
   19  1107
   20  1108
   18  1110
   18  1111
   18  1113
   19  1115
   19  1116
   17  1118
