    4     4
    5     9
    5    13
    5    17
    4    22
    4    27
    6    31
    7    35
    7    40
    6    45
    9    48
   12    52
    7    56
    5    61
    6    65
    5    70
    6    73
    3    77
    8    84
    5    88
    7    92
    8    96
    7    99
    4   104
    5   108
    4   113
    9   117
   11   120
   12   123
   12   126
   13   129
   15   132
   17   134
   14   137
   14   140
   16   143
   14   147
   16   149
   14   152
   16   155
   13   158
   14   160
    9   163
   13   166
   11   169
   12   172
   12   175
   12   178
   15   181
   15   184
   14   186
   17   189
   17   192
   17   195
   17   198
   17   201
   16   204
   16   207
   16   209
   21   212
   15   215
   14   218
   17   221
   20   224
   13   227
   15   229
   13   232
   13   235
   15   237
   16   240
   17   243
   15   245
   17   248
   19   251
   20   254
   27   257
   32   260
   21   263
   21   266
   19   268
   17   272
   17   274
   15   277
   14   280
   15   282
   16   285
   15   288
   18   290
   18   293
   16   295
   17   298
   18   301
   18   303
   16   306
   18   309
   16   312
   17   314
   18   317
   17   320
   21   323
   22   325
   19   328
   16   331
   20   334
   16   336
   18   339
   17   342
   18   345
   22   347
   37   350
   26   353
   20   355
   20   358
   21   361
   16   364
   10   367
   16   370
   19   374
   19   377
   22   379
   23   381
   28   384
   28   386
   26   389
   25   392
   21   394
   23   397
   25   399
   28   402
   29   404
   28   407
   26   409
   27   412
   31   414
   26   417
   27   419
   28   422
   25   424
   28   427
   23   429
   25   431
   27   433
   24   436
   28   438
   26   441
   20   444
   29   446
   22   449
   29   451
   33   453
   31   455
   38   457
   35   459
   32   462
   29   464
   28   467
   29   469
   32   472
   30   474
   30   477
   32   479
   36   481
   39   483
   35   485
   31   488
   30   490
   34   493
   33   495
   23   497
   41   499
   39   501
   35   503
   36   505
   35   507
   42   509
   40   511
   36   513
   21   516
   39   518
   41   520
   39   522
   43   523
   43   525
   39   527
   34   529
   32   531
   36   533
   33   535
   35   537
   40   539
   34   541
   34   543
   37   545
   37   547
   36   549
   38   551
   38   553
   39   555
   35   557
   30   559
   39   561
   40   563
   39   565
   42   567
   42   569
   37   571
   39   573
   41   575
   42   576
   40   578
   42   580
   44   582
   44   584
   40   585
   48   587
   47   588
   41   590
   39   592
   37   594
   34   596
   41   598
   31   600
   34   602
   37   604
   36   606
   35   608
   33   611
   36   613
   36   615
   35   617
   32   619
   25   622
   37   624
   39   626
   24   628
   40   630
   36   632
   35   635
   35   637
   36   639
   34   641
   35   643
   32   646
   33   648
   38   650
   35   652
   32   655
   35   657
   35   659
   32   661
   30   664
   31   666
   30   669
   32   671
   30   673
   31   675
   30   678
   32   680
   27   682
   23   685
   28   687
   31   690
   27   692
   28   694
   28   697
   31   699
   30   701
   30   704
   29   706
   28   708
   23   711
   30   713
   27   716
   28   718
   29   720
   30   723
   28   725
   28   727
   29   729
   28   731
   27   734
   26   736
   26   738
   26   741
   26   743
   27   746
   28   748
   28   750
   28   753
   29   755
   19   758
   25   760
   26   762
   24   765
   24   767
   24   770
   26   772
   28   775
   27   777
   24   780
   24   782
   25   785
   27   787
   27   789
   26   792
   28   794
   26   796
   23   799
   23   802
   11   805
   20   809
   21   811
   21   814
   26   817
   26   819
   28   822
   27   824
   27   827
   27   829
   19   832
   23   835
   22   837
   18   840
   21   844
   22   847
   22   850
   21   852
   22   855
   24   857
   23   860
   23   863
   24   865
   24   867
   23   870
   23   873
   23   875
   19   878
   21   881
   23   884
   23   886
   22   888
   23   891
   25   893
   26   896
   26   898
   25   900
   27   902
