    8     1
    7     5
    7     9
    7    13
   11    16
    8    20
    9    24
    8    27
    9    31
    8    35
    6    39
    6    43
    5    46
    6    50
    5    53
    6    56
    8    59
   12    63
   10    66
   16    69
    9    72
   10    76
   11    79
   10    82
   10    85
    8    89
    7    92
    9    96
    7    99
    6   103
    8   107
    5   109
   11   115
   10   118
   11   121
   14   124
   14   127
   15   130
   12   133
   17   135
   15   138
   16   141
   13   144
   14   146
   13   149
   13   152
   13   155
   11   158
   13   161
   12   164
   12   167
   13   170
   10   173
   15   177
   11   180
    7   184
   11   188
   11   192
   11   196
   15   199
   12   202
   13   205
   12   209
   12   212
   15   215
   17   219
   11   222
   14   225
   16   229
   14   232
   26   236
   18   239
   15   242
   22   244
   18   246
   21   249
   17   253
   17   255
   14   258
   15   261
   18   263
   16   267
   19   269
   19   272
   11   275
   18   279
   18   282
   19   285
   19   288
   15   291
   21   293
   20   296
   17   299
   19   302
   19   305
   15   308
   16   311
   14   314
   14   317
   17   320
   19   323
   17   325
   18   329
   21   331
   20   334
   19   337
   22   339
   21   342
   21   344
   16   347
   19   350
   21   353
   20   355
   21   358
   12   361
   15   364
   20   367
   21   370
   23   373
   20   376
   20   379
   22   381
   19   384
   21   387
   21   390
   20   392
   19   395
   18   398
   17   401
   21   403
   18   406
   15   409
   17   412
   18   415
   17   418
   16   421
   22   423
   17   426
   13   429
   20   432
   18   435
   20   437
   15   440
   18   443
   16   445
   19   447
   22   450
   19   454
   23   456
   23   459
   19   462
   26   464
   22   467
   28   470
   27   473
   28   475
   26   477
   32   479
   30   482
   26   484
   15   486
   24   488
   13   491
   19   493
   21   495
   23   498
   26   500
   30   502
   30   504
   26   506
   28   509
   31   511
   29   513
   28   515
   39   518
   32   520
   30   522
   32   524
   32   526
   34   528
   34   531
   35   533
   35   535
   30   537
   30   539
   30   541
   29   543
   28   546
   28   548
   27   550
   29   552
   30   554
   32   556
   29   558
   25   560
   28   563
   25   565
   33   567
   31   569
   33   571
   31   573
   34   575
   27   577
   30   579
   36   581
   31   583
   37   585
   30   587
   35   589
   36   591
   24   594
   41   596
   38   598
   33   600
   37   602
   33   604
   33   606
   25   608
   29   610
   31   612
   28   614
   29   617
   31   619
   27   621
   32   623
   23   626
   31   628
   32   630
   35   632
   39   634
   36   636
   37   638
   37   640
   38   642
   37   644
   36   646
   32   649
   32   651
   34   653
   34   655
   30   657
   33   659
   20   663
   34   666
   32   668
   28   670
   32   672
   31   674
   31   676
   30   679
   30   681
   21   683
   27   686
   27   688
   28   690
   26   692
   27   695
   27   697
   22   700
   24   702
   23   704
   25   707
   23   710
   19   713
   16   716
   24   718
   24   721
   22   724
   26   726
   27   729
   22   731
   24   734
   21   736
   22   739
   20   742
   24   744
   22   747
   23   750
   22   752
   23   755
   24   758
   24   760
   21   763
   23   765
   22   768
   22   771
   22   773
   22   776
   20   779
   21   782
   20   784
   20   787
   19   790
   21   793
   20   795
   21   798
   20   801
   22   803
   21   806
   21   809
   19   811
   21   814
   20   817
   20   819
   20   822
   18   825
   19   827
   20   830
   21   833
   13   836
   15   839
   14   842
   15   844
   18   847
   21   850
   22   852
   19   855
   14   858
    7   861
   16   864
   15   867
   21   870
   27   875
   20   877
   19   880
   18   882
   17   885
   19   888
   20   890
   17   893
   17   895
   17   898
   16   901
   18   904
   16   907
   19   909
   18   912
   15   915
   16   918
   17   921
   17   923
   16   926
   17   929
   20   932
   18   935
   18   938
   12   941
   13   944
    9   946
