    9     0
    6     4
    6     7
    6    11
    6    14
    6    17
    6    20
    6    24
    6    27
    6    30
    6    34
    6    37
    6    40
    6    44
    6    47
    6    50
    6    53
    6    57
    6    60
    6    63
    6    67
    6    70
    6    74
    6    77
    6    81
    5    84
    6    87
    6    91
    6    94
    6    98
    6   101
    6   104
    5   108
    6   111
    7   114
    5   117
    6   122
    6   124
    7   127
    9   131
    9   135
    9   138
    8   141
    9   144
   10   147
    8   150
    9   152
    9   155
    9   158
    9   161
    9   164
   10   167
    8   170
   10   173
   10   176
    9   179
   10   182
   10   185
   17   188
   18   191
   18   193
   17   196
   12   199
   11   201
    8   204
   10   207
    9   210
   10   212
   17   215
   19   217
   16   220
   18   223
    8   225
   10   229
    9   232
   16   235
   20   237
   19   240
   19   242
   16   245
   15   248
   16   250
   16   253
   15   256
   10   258
   16   261
   17   264
   17   267
   18   269
   13   272
   15   275
   13   277
   15   280
    8   283
   15   286
   17   289
   15   292
   19   294
   19   297
   16   299
   17   302
   15   305
   15   307
   18   310
   17   312
   13   314
   16   316
   15   319
   16   321
   17   324
   19   327
   16   329
   18   332
   17   335
   16   337
   16   340
   16   342
   12   345
   13   348
   13   352
   19   355
   14   357
   18   359
   17   362
   17   365
   20   367
   17   370
   17   373
   17   375
   20   377
   20   380
   22   382
   24   384
   21   387
   17   389
   16   392
   18   395
   19   397
   21   399
   21   402
   22   404
   22   407
   21   409
   20   411
   21   413
   16   416
   17   420
   21   422
   23   425
   23   427
   18   429
   17   432
   25   434
   21   436
   19   439
   21   441
   23   444
   23   446
   25   448
   21   451
   25   453
   25   455
   25   458
   25   460
   22   462
   20   466
   23   469
   21   471
   21   473
   28   475
   25   477
   26   479
   27   481
   29   483
   28   485
   30   487
   28   489
   28   491
   28   493
   29   495
   27   497
   17   500
   22   503
   28   505
   29   507
   30   509
   31   511
   30   513
   28   515
   29   517
   28   519
   27   521
   29   523
   26   525
   26   528
   29   530
   30   532
   31   534
   26   536
   29   538
   29   540
   31   542
   32   544
   32   546
   31   547
   26   550
   34   552
   35   553
   34   555
   27   558
   34   559
   25   562
   31   564
   32   566
   31   568
   32   569
   26   571
   33   573
   35   575
   38   577
   36   578
   35   580
   35   582
   33   584
   34   586
   33   588
   33   589
   35   591
   33   593
   35   595
   35   597
   36   598
   35   600
   38   602
   35   604
   39   605
   38   607
   40   609
   36   610
   28   612
   33   614
   36   616
   35   617
   33   619
   38   621
   39   623
   41   624
   39   626
   42   628
   42   629
   42   631
   39   633
   41   634
   42   636
   36   638
   41   639
   40   641
   43   642
   42   644
   41   646
   40   647
   39   649
   44   651
   41   652
   40   654
   44   655
   44   657
   41   659
   38   660
   42   662
   39   664
   22   664
   33   666
   35   668
   36   670
   38   671
   38   673
   38   675
   37   677
   34   679
   25   683
   32   685
   35   686
   36   688
   35   690
   35   692
   33   694
   36   696
   36   697
   36   699
   38   701
   37   703
   35   705
   36   706
   37   708
   35   710
   34   712
   35   714
   34   716
   30   718
   32   720
   35   722
   35   724
   34   726
   32   728
   33   730
   32   732
   30   734
   25   736
   30   738
   32   740
   35   742
   32   744
   32   746
   33   748
   33   750
   29   752
   32   754
   31   756
   29   758
   27   761
   29   763
   32   765
   32   767
   26   769
   31   771
   29   773
   15   776
   27   778
   30   781
   29   783
   29   785
   29   787
   28   789
   29   791
   27   793
   25   796
   26   798
   28   800
   28   802
   25   804
   26   807
   26   809
   24   811
   25   813
   24   816
   28   818
   26   820
   31   822
   30   824
   18   827
   22   829
   21   832
   22   834
   26   836
   24   838
   24   841
   27   843
   26   845
   21   847
   26   850
   26   852
   25   854
   26   856
   25   858
   22   861
   19   863
   26   865
   15   868
   19   871
   24   873
   25   876
   25   878
   23   880
   25   882
   25   885
   23   887
   23   889
   25   891
   25   894
   19   896
   22   898
   23   901
   24   903
   21   905
   18   908
   23   910
   23   913
   19   915
   24   917
   25   919
   25   922
   24   924
   17   926
   11   930
   20   933
   24   935
   27   937
   23   939
   25   942
   18   944
   23   946
   24   948
   21   951
   14   953
   23   955
   23   957
   27   959
   25   961
   21   964
   21   966
   20   968
   22   971
   21   973
   20   977
   20   980
   21   982
   21   984
   15   986
   24   988
   25   990
   25   992
   23   994
   22   996
   19   999
   20  1001
   21  1003
   22  1005
   23  1007
   22  1009
   16  1012
   23  1014
   24  1016
   21  1018
   21  1020
