   12     5
    2     9
    7    14
   12    18
   23    21
   32    25
   24    27
   25    30
   26    32
   23    37
   21    40
   16    43
   21    47
   18    52
   16    56
   15    60
   17    65
   17    69
   11    72
   17    77
   15    81
   13    86
    9    92
    7    95
   11   103
   19   108
   18   111
   11   118
    5   123
    5   130
   18   133
   25   137
   21   139
   26   141
   29   143
   31   145
   37   148
   27   151
   15   153
   21   156
   14   158
   11   162
    5   164
   16   166
   14   168
   25   171
   33   174
   36   176
   33   179
   33   181
   31   183
   26   185
   22   187
   31   189
   23   192
   24   194
   10   196
    6   200
   24   202
   25   204
   35   207
   34   209
   40   211
   35   214
   34   216
   26   218
   22   222
   20   225
   27   227
   24   230
   18   232
   15   234
   19   236
   24   239
   24   241
   27   243
   31   245
   25   247
   28   249
   35   251
   30   254
   24   256
   26   258
   27   260
   23   262
   26   264
   27   266
   30   268
   24   270
   24   272
   44   276
   33   278
   31   280
   30   283
   33   285
   22   288
    7   290
   19   293
    9   295
   13   297
   14   299
   34   301
   38   303
   36   305
   31   307
   29   309
   30   311
   29   313
   26   315
   27   318
   21   320
   22   322
   22   324
   21   326
   28   329
   24   331
   28   333
   30   334
   33   337
   25   339
   24   341
   25   343
   26   346
   26   348
   26   350
   27   352
   26   355
   25   357
   28   359
   26   361
   24   363
   26   365
   24   367
   30   369
   31   371
   28   373
   32   375
   31   378
   29   380
   31   381
   31   384
   22   385
   23   387
   28   390
   23   391
   27   393
   29   395
   33   398
   33   400
   38   402
   35   404
   33   406
   33   408
   33   410
   32   412
   33   414
   40   416
   34   418
   30   420
   29   422
   31   424
   24   426
   26   428
   29   430
   30   432
   27   434
   42   437
   35   439
   36   441
   33   442
   31   444
   26   446
   34   448
   34   450
   29   452
   27   454
   32   456
   33   458
   31   459
   31   461
   36   463
   33   465
   32   467
   34   469
   33   471
   28   473
   34   475
   34   477
   31   479
   33   480
   37   482
   37   484
   39   486
   38   488
   38   490
   34   492
   30   494
   11   497
   33   499
   34   501
   38   503
   43   505
   44   507
   43   509
   41   511
   40   513
   40   515
   38   516
   40   518
   37   520
   35   522
   31   524
   36   526
   31   528
   28   530
   35   532
   35   534
   35   536
   34   538
   37   540
   37   542
   38   544
   32   546
   37   548
   34   550
   35   552
   37   554
   33   555
   43   558
   39   560
   40   561
   42   563
   43   565
   39   567
   39   569
   35   571
   37   573
   36   575
   36   577
   19   578
   38   580
   40   582
   35   584
   36   587
   41   589
   39   591
   35   593
   37   595
   38   597
   40   599
   37   601
   34   603
   37   605
   41   607
   39   608
   40   610
   48   613
   40   615
   41   617
   43   619
   40   620
   38   622
   41   624
   43   626
   36   628
   36   629
   39   631
   41   633
   39   635
   41   637
   45   638
   50   640
   45   642
   47   644
   42   646
   44   647
   41   649
   42   651
   39   653
   44   654
   50   656
   42   658
   41   659
   38   661
   45   663
   40   664
   38   666
   44   668
   45   669
   48   671
   53   673
   45   675
   48   676
   44   678
   45   680
   43   681
   41   683
   45   685
   41   687
   41   689
   46   691
   47   692
   49   694
   45   695
   46   697
   46   699
   52   700
   49   702
   49   704
   48   706
   51   708
   51   709
   48   711
   44   713
   44   714
   43   716
   46   718
   27   719
   41   721
   44   723
   46   725
   51   727
   52   729
   51   730
   50   732
   45   734
   50   736
   46   737
   48   739
   49   740
   51   742
   49   744
   46   746
   52   748
   47   750
   46   751
   39   753
   47   754
   50   756
   49   758
   51   759
   53   760
   56   762
   57   764
   49   765
   51   767
   50   769
   53   770
   48   772
   47   774
   44   775
   44   777
   47   778
   48   780
   56   781
   54   783
   47   785
   51   786
   58   788
   54   789
   52   791
   53   792
   55   794
   51   796
   48   797
   55   799
   59   801
   54   802
   48   804
   49   806
   56   807
   57   809
   55   810
   53   812
   57   814
   54   815
   57   817
   48   819
   47   821
   54   822
   51   824
   58   826
   52   827
   55   829
   59   830
   56   832
   57   834
   57   835
   61   837
   57   839
   60   840
   65   842
   59   844
   57   845
   58   847
   55   848
   50   850
   51   851
   51   853
   58   854
   58   856
   56   858
   53   859
   58   861
   60   862
   60   864
   58   865
   65   867
   64   868
   54   870
   58   871
   60   873
   67   874
   51   875
   51   877
   66   878
   65   880
   65   882
   62   883
   68   885
   60   886
   64   888
   62   889
   55   890
   65   892
   65   893
   65   895
   63   896
   65   898
   62   899
   60   901
   65   902
   71   904
   60   905
   59   907
   50   909
   60   910
   69   912
   63   913
   60   915
   67   917
   62   918
   60   920
   59   921
   49   922
   52   924
   59   925
   59   927
   69   929
   62   930
   63   932
   58   933
   60   935
   63   936
   63   938
   59   939
   59   940
   59   942
   63   944
   64   945
   55   947
   57   948
   60   950
   58   951
   65   952
   71   954
   61   956
   57   957
   65   959
   60   960
   58   962
   64   963
   56   965
   46   966
   53   968
   55   969
   63   971
   42   973
   62   974
   61   975
   63   977
   55   979
   54   981
   57   982
   60   984
   63   985
   59   986
   55   988
   63   989
   59   991
   63   992
   65   993
   63   995
   61   996
   60   998
   65   999
   66  1001
   60  1002
   69  1004
   60  1005
   63  1007
   64  1008
   60  1010
   67  1011
   64  1013
   56  1014
   63  1016
   62  1017
   45  1019
   40  1021
   59  1022
   58  1024
   56  1025
   65  1027
   60  1028
   58  1030
   69  1031
   63  1033
   58  1034
   54  1036
   44  1038
   60  1040
   56  1041
   58  1043
   55  1044
   52  1046
   55  1047
   55  1049
   54  1050
   57  1052
   54  1053
   56  1055
   53  1056
   53  1058
   52  1059
   58  1061
   52  1062
   49  1064
   52  1066
   55  1067
   51  1069
   53  1070
   51  1072
   50  1074
   51  1075
   48  1077
   49  1079
   53  1080
   54  1082
   57  1084
   55  1085
   48  1088
   49  1089
   56  1091
   56  1092
   52  1094
   54  1096
   62  1097
   62  1099
   66  1101
   59  1102
   51  1104
   58  1106
   58  1107
   62  1109
   57  1111
   57  1113
   55  1114
   56  1116
   60  1118
   58  1119
   56  1121
   53  1123
   56  1125
   57  1126
   55  1128
   56  1130
   51  1132
   55  1133
   54  1135
   58  1137
   54  1138
   50  1140
   50  1142
   50  1144
   53  1146
   51  1148
   49  1150
   48  1152
   48  1154
   47  1156
   48  1158
   48  1160
   45  1162
   44  1164
   55  1166
   47  1168
   34  1169
   50  1171
   51  1173
   48  1175
   47  1177
   44  1179
   37  1181
   37  1183
   46  1185
   43  1187
   47  1189
   45  1191
   48  1193
   47  1195
   41  1197
   39  1199
   40  1201
   36  1203
   39  1205
   35  1206
   33  1208
   38  1210
   38  1212
   41  1214
   41  1216
   35  1218
   37  1220
   36  1222
   34  1224
   34  1226
   38  1228
   40  1230
   37  1232
   35  1234
   37  1236
   37  1238
   39  1240
   28  1242
   30  1244
   21  1246
   31  1248
   29  1251
   31  1253
   34  1255
   32  1257
   34  1259
   35  1261
   35  1264
   36  1266
   37  1268
   33  1270
   38  1271
   38  1273
   34  1275
   32  1277
   32  1280
   33  1282
   31  1284
   25  1286
   33  1288
   39  1292
   28  1294
   25  1296
   27  1298
   29  1300
   31  1302
   35  1304
   34  1306
    6  1308
   34  1312
   35  1314
   35  1315
   35  1318
   36  1320
   35  1322
   36  1324
   34  1326
   30  1329
   28  1331
   26  1333
   27  1335
   32  1337
   32  1339
   29  1342
   33  1344
   30  1346
   35  1348
   31  1350
   30  1352
   33  1354
   33  1356
   33  1358
   31  1360
   31  1362
   30  1365
   31  1367
   30  1369
   28  1371
   30  1373
   29  1375
   25  1378
   28  1380
   33  1382
   30  1384
   31  1387
   34  1389
   28  1391
   34  1393
   31  1395
   29  1397
   32  1400
   29  1402
   29  1404
   28  1406
   30  1408
   33  1410
   24  1413
   34  1415
   34  1417
   31  1419
   32  1421
