    6     2
    8     4
   12     8
    6    10
    9    13
   14    16
   10    20
   13    24
   11    26
   17    30
    6    33
   18    37
    9    40
    6    42
    5    48
    7    52
    9    55
    8    59
   15    62
    6    66
   10    68
   12    72
   10    75
   12    78
   13    81
   11    84
   13    87
   13    89
   11    93
   11    95
   12    98
   12   101
   11   103
    9   106
   12   109
   10   112
    6   115
   10   118
   11   121
   10   123
   19   126
    4   128
   27   130
   11   135
   18   138
   18   141
   24   143
   15   147
   12   150
   13   152
   12   155
   16   158
   17   162
   24   164
   15   167
   24   170
   21   172
   17   175
   22   177
   19   180
   20   182
   20   184
   15   187
   17   189
    7   190
   18   196
   17   199
   20   202
   25   204
   24   207
   21   210
   30   213
   21   215
   21   217
   24   219
   20   221
   20   223
   17   226
   20   228
   16   231
   19   233
   22   237
   18   239
   26   242
   20   244
   30   246
   23   249
   32   251
   23   254
   27   256
   28   259
   22   261
   26   264
   22   266
    5   268
   25   272
   19   276
   24   279
   21   281
   26   284
   21   286
   21   289
   20   291
   20   293
   23   295
   17   299
   23   301
   21   304
   28   307
   19   309
   21   313
   30   315
   22   318
   32   320
   29   323
   24   325
   27   327
   22   330
   26   332
   24   335
   28   337
   30   341
   14   344
   27   346
   26   349
   26   351
   23   353
   21   356
   26   358
   23   361
   28   363
   26   365
   20   367
   23   369
   27   371
   22   373
   25   375
   18   378
   23   380
   25   383
   30   385
   21   387
   26   389
   22   393
   24   396
   24   398
   31   400
   25   402
   35   405
   33   406
   33   408
   25   411
   22   413
   23   416
   32   418
   25   420
   38   422
   27   424
   40   426
   37   428
   23   430
   37   432
   37   434
   27   436
   38   438
   36   440
   25   442
   37   444
   38   446
   31   448
   35   450
   34   452
   36   454
   27   456
   38   458
   29   460
   38   462
   34   464
   29   466
   41   468
   39   469
   27   472
   40   473
   36   476
   27   478
   36   480
   39   482
   37   484
   30   486
   42   487
   40   489
   38   491
   32   493
   43   495
   46   496
   41   498
   33   500
   45   502
   45   503
   44   505
   42   507
   44   508
   33   510
   42   512
   41   514
   38   515
   42   517
   44   518
   44   520
   45   522
   35   524
   47   526
   47   527
   45   529
   48   531
   42   532
   45   534
   47   536
   33   537
   47   539
   49   540
   46   542
   46   543
   47   545
   43   547
   44   548
   46   550
   42   551
   44   553
   46   555
   49   556
   49   558
   49   559
   50   561
   38   563
   47   564
   55   566
   52   567
   53   569
   49   570
   38   572
   51   573
   52   575
   52   576
   52   578
   53   579
   52   580
   50   582
   52   583
   50   585
   52   587
   50   588
   50   590
   52   591
   50   593
   50   594
   52   596
   53   597
   52   599
   49   600
   51   602
   50   603
   47   605
   45   606
   45   608
   53   609
   55   610
   54   612
   55   613
   53   614
   54   616
   54   617
   56   619
   53   620
   52   622
   54   623
   50   624
   44   626
   51   627
   54   628
   56   630
   56   631
   60   632
   57   633
   58   635
   58   636
   58   637
   58   639
   59   640
   58   641
   58   643
   59   644
   58   645
   56   646
   55   648
   61   649
   55   650
   58   652
   55   653
   57   654
   57   656
   57   657
   56   659
   53   660
   48   661
   48   663
   52   664
   47   666
   52   667
   48   669
   48   670
   50   672
   51   673
   45   675
   49   676
   45   678
   49   679
   49   681
   49   682
   50   684
   51   685
   50   686
   51   688
   48   689
   47   691
   49   692
   48   694
   49   695
   49   697
   50   698
   51   700
   49   701
   51   703
   50   704
   52   705
   51   707
   51   708
   50   710
   47   711
   50   713
   52   714
   51   716
   50   717
   50   718
   47   720
   48   722
   48   723
   47   725
   46   726
   49   727
   49   729
   50   730
   51   732
   49   733
   46   734
   51   736
   50   737
   49   739
   50   740
   46   741
   47   743
   48   744
   48   746
   47   747
   48   748
   47   750
   47   751
   45   753
   49   754
   46   756
   47   757
   47   758
   48   760
   46   761
   45   763
   49   764
   48   766
   43   767
   45   769
   44   770
   43   772
   45   773
   40   775
   42   776
   43   778
   45   780
   42   781
   46   783
   43   784
   46   786
   44   787
   43   789
   44   790
   43   792
   43   793
   44   795
   44   796
   44   798
   35   800
   44   802
   45   803
   46   805
   43   806
   41   808
   44   809
   42   811
   40   812
   42   814
   40   816
   45   817
   37   819
   39   820
   27   822
   39   824
   38   825
   39   827
   40   829
   41   830
   38   832
   35   834
   37   836
   38   838
   41   839
   42   841
   39   842
   44   844
   41   845
   30   847
   42   849
   40   850
   39   852
   42   853
   42   855
   34   857
   37   859
   40   860
   44   862
   44   864
   39   865
   30   867
   39   869
   35   871
   37   873
   38   874
   37   876
   34   878
   36   879
   34   881
   34   883
   37   885
   36   886
   37   888
   35   890
   38   892
   39   894
   34   895
   39   897
   39   899
   33   901
   36   902
   34   904
   35   906
   39   908
   30   910
   35   912
   36   914
   35   916
   36   918
   39   920
   20   923
   31   925
   37   927
   39   929
   34   931
   30   933
   32   935
   35   937
   28   940
   27   942
   32   944
   33   946
   33   948
   33   950
   26   952
   29   955
   34   957
   36   959
   35   960
   36   962
   35   964
   32   966
   35   968
   33   970
   33   972
   34   974
   32   976
   32   978
   33   980
   34   982
   34   983
   31   985
   29   987
   25   989
   30   991
   33   993
   33   995
   31   997
   31   999
   31  1002
   31  1004
   27  1006
   33  1008
   30  1010
   31  1013
   34  1015
