   11     3
    6     7
   18    11
    8    18
   12    21
    8    25
    7    28
   10    32
    6    36
    8    40
    8    44
   13    47
    7    57
    7    62
   11    66
   10    70
   11    74
   13    78
   12    82
    7    86
   18    91
   10    95
    9    98
   11   102
    6   108
    7   112
   18   116
   19   119
   16   123
   15   125
   13   128
   22   130
   15   133
   13   138
   11   142
   18   147
   21   151
   11   155
   13   161
    8   165
    5   167
   28   169
   17   173
   20   176
   20   180
   17   183
    6   187
   18   192
   17   196
   18   199
   16   202
   25   205
   15   208
    5   209
   18   212
   20   215
   11   218
   16   223
   17   226
   19   229
   18   232
   26   235
   20   238
    8   240
   19   247
   19   250
   11   254
   15   258
   18   261
   22   263
    9   268
   13   274
   18   278
   19   281
   17   284
   22   287
   14   291
   22   294
   13   298
   28   301
   20   304
   21   307
   21   310
   14   313
   18   316
   20   319
   18   322
   11   326
   19   330
   21   332
   16   335
   20   338
   21   341
   22   344
   12   347
   17   353
   27   356
   26   359
   18   363
   26   366
   22   369
   22   372
   18   375
   27   378
   23   380
   17   384
   27   387
   23   389
   17   393
   22   395
   27   398
   16   401
   11   405
   19   410
   23   412
   22   415
   29   418
   24   421
   24   423
   26   426
   28   429
   29   431
   18   434
   30   439
   18   444
   13   449
    8   452
   17   456
   24   459
   30   461
   38   464
   36   466
   35   469
   38   471
   36   474
   34   476
   35   478
   23   481
   31   484
   30   486
   30   489
   23   492
   32   494
   29   496
   26   499
   29   501
   29   504
   28   506
   30   509
   18   512
   30   515
   31   517
   29   519
   29   522
   32   524
   10   527
   37   529
   38   532
   35   534
   37   537
   37   539
   37   541
   43   544
   40   546
   37   548
   38   551
   38   553
   35   555
   15   558
   28   562
   35   565
   32   567
   29   569
   19   570
   33   573
   40   575
   40   577
   37   580
   40   582
   42   584
   44   586
   15   587
   40   590
   39   592
   38   594
   31   596
   25   599
   36   601
   34   604
   35   606
   37   608
   39   611
   40   613
   37   615
   42   617
   40   619
   41   621
   43   623
   41   626
   42   628
   42   630
   41   632
   44   634
   43   636
   45   638
   15   639
   43   641
   41   644
   38   646
   35   648
   34   650
   42   652
   45   654
   42   657
   41   659
   43   661
   40   663
   43   665
   45   667
   42   669
   39   671
   42   673
   32   675
   34   677
   41   679
   18   680
   41   683
   42   685
   45   687
   44   689
   44   691
   46   693
   48   695
   48   697
   49   699
   49   701
   46   703
   52   705
   53   707
   52   709
   50   711
   52   713
   49   715
   54   717
   50   719
   49   721
   49   722
   49   724
   41   729
   44   731
   42   733
   43   735
   46   737
   44   739
   45   741
   46   743
   49   745
   46   747
   48   748
   49   750
   49   752
   50   754
   48   756
   48   758
   49   760
   49   762
   52   764
   52   766
   52   768
   55   769
   55   771
   45   773
   55   775
   55   777
   28   778
   54   780
   53   782
   52   784
   50   786
   52   787
   60   789
   57   791
   56   793
   58   795
   60   796
   61   798
   59   800
   49   802
   45   803
   56   805
   57   807
   56   809
   56   810
   50   812
   56   814
   55   816
   56   817
   48   819
   51   821
   59   823
   61   825
   60   826
   62   828
   63   830
   63   832
   45   834
   57   836
   63   838
   71   839
   61   841
   64   843
   68   845
   67   846
   67   848
   63   850
   66   852
   61   853
   67   855
   67   857
   64   858
   67   860
   68   862
   61   864
   66   865
   64   867
   63   868
   64   870
   69   872
   65   873
   62   875
   61   877
   64   878
   62   880
   63   882
   65   883
   68   885
   71   887
   66   888
   57   890
   62   892
   58   893
   58   895
   63   897
   51   898
   64   900
   71   902
   61   903
   63   905
   69   906
   64   909
   59   911
   55   913
   57   915
   73   917
   66   918
   68   920
   69   921
   77   923
   68   925
   66   926
   73   928
   69   930
   77   931
   73   933
   77   934
   74   936
   48   938
   73   939
   73   941
   67   943
   66   944
   69   946
   77   947
   74   949
   73   950
   72   952
   78   953
   68   955
   71   957
   77   958
   76   960
   77   961
   71   962
   71   964
   78   965
   77   967
   64   969
   48   970
   60   971
   76   973
   80   974
   62   976
   69   978
   69   979
   67   981
   68   983
   68   985
   58   987
   57   989
   64   991
   64   993
   63   995
   64   997
   57   999
   63  1001
   62  1002
   59  1004
   63  1006
   59  1008
   58  1010
   53  1012
   56  1014
   49  1017
   60  1019
   57  1021
   59  1023
   37  1025
   57  1027
   57  1029
   54  1031
   36  1034
   45  1038
   48  1040
   48  1042
   47  1044
   52  1046
   50  1048
   51  1050
   53  1052
   52  1054
   57  1056
   51  1058
   53  1060
   51  1062
   55  1064
   53  1066
   16  1069
   52  1071
   48  1073
   45  1075
   51  1077
   46  1079
   49  1082
   49  1084
   48  1086
   51  1088
   46  1090
   48  1092
   49  1094
   45  1096
   49  1098
   48  1100
   48  1102
   41  1105
   42  1107
   18  1110
   31  1114
   37  1116
   36  1119
   40  1121
   40  1123
   45  1126
   42  1128
   44  1130
   42  1133
   43  1135
   27  1138
   37  1140
   34  1143
   32  1146
   32  1148
   39  1150
   34  1153
   31  1155
   24  1158
   35  1161
   30  1163
   35  1166
   34  1168
   41  1171
   28  1173
   41  1176
   39  1178
   35  1181
   35  1183
   37  1186
   34  1188
   35  1191
   38  1193
   24  1197
   26  1201
   32  1203
   29  1206
   29  1209
   29  1211
   35  1214
   29  1216
   37  1219
   32  1221
   37  1224
   20  1227
   26  1229
   28  1232
   32  1234
   16  1237
   32  1240
   28  1243
   31  1246
   25  1248
   29  1251
   15  1252
   35  1255
   28  1257
   32  1260
   32  1263
   30  1265
   30  1268
   15  1271
   27  1275
   29  1278
   30  1280
   25  1283
   38  1286
   29  1288
   18  1292
   27  1294
   22  1297
   31  1300
   29  1302
   30  1305
   29  1308
   23  1311
   27  1314
   27  1316
