    4     2
    3     5
    6     8
    4    11
    5    15
    7    17
    7    20
    6    24
    5    28
   12    30
   11    34
   19    37
   14    39
   14    41
   11    44
   11    48
   12    50
   11    52
    8    55
    7    57
    6    60
    5    62
    9    65
    6    68
    5    71
    5    74
    7    76
    7    79
    8    81
    9    84
   10    86
    9    89
   10    93
   13    95
   11    98
   13   101
   14   103
   16   105
   13   108
   12   110
   11   113
   13   115
   13   118
   10   120
   11   122
   10   124
   11   128
   10   130
   10   132
   13   134
   12   137
   12   139
   14   141
   17   143
   15   145
   13   147
   15   150
   10   152
   15   154
   14   156
   14   158
   17   160
   21   162
   16   164
   16   166
   20   168
   19   170
   18   172
   20   174
   20   175
   21   177
   19   179
   15   181
   16   183
   16   185
   15   187
   16   189
   14   191
   13   193
   12   195
   16   198
   13   200
   22   203
   16   205
   17   207
   19   209
   18   211
   21   212
   19   214
   20   216
   19   218
   17   220
   16   222
   16   224
   14   226
   14   228
   13   229
   14   231
   15   233
   14   235
   15   237
   14   239
   19   241
   16   242
   15   244
   16   246
   15   248
   15   250
   16   252
   19   254
   21   256
   19   257
   11   260
   20   262
   21   264
   22   266
   21   267
   20   269
   21   271
   19   273
   20   275
   21   277
   19   279
   20   280
   20   282
   20   284
   18   286
   16   288
   13   290
   15   292
   14   294
   11   296
   10   298
   12   300
   14   302
   16   304
   17   306
   15   308
   21   310
   21   311
   20   313
   23   315
   23   317
   25   319
   25   321
   26   323
   25   325
   24   327
   25   329
   25   330
   22   332
   22   334
   20   336
   17   338
   18   340
   18   341
   17   343
   12   346
   18   348
   17   350
   18   352
   19   354
   17   356
   13   357
   15   361
   23   363
   21   364
   23   366
   20   367
   25   369
   25   370
   27   372
   27   374
   28   376
   29   377
   28   379
   26   381
   26   383
   22   385
   23   387
   33   390
   25   391
   22   393
   17   395
   19   397
   20   399
   22   401
   18   403
   20   404
   24   406
   25   408
   22   409
   23   411
   26   413
   25   415
   26   416
   25   418
   27   420
   28   421
   28   423
   28   425
   29   426
   25   428
   27   430
   28   432
   29   433
   27   435
   28   437
   31   438
   28   440
   27   442
   27   443
   23   445
   29   447
   25   448
   29   450
   30   452
   30   453
   30   455
   29   456
   30   458
   33   460
   33   461
   31   463
   30   464
   32   466
   30   467
   31   469
   30   470
   33   472
   30   474
   32   475
   31   477
   31   478
   30   480
   33   482
   29   483
   31   485
   32   487
   34   489
   28   491
   32   492
   35   493
   36   495
   33   496
   36   498
   35   499
   35   501
   34   502
   36   504
   34   506
   30   507
   35   509
   34   511
   37   512
   38   514
   34   515
   35   517
   39   518
   39   520
   37   521
   35   523
   35   525
   36   526
   38   528
   32   530
   39   531
   38   533
   38   534
   41   536
   35   538
   41   539
   39   540
   39   542
   43   543
   37   545
   39   546
   43   548
   43   549
   41   551
   42   552
   44   553
   46   555
   44   556
   45   558
   42   559
   39   561
   40   562
   40   564
   39   565
   38   567
   41   568
   40   570
   40   571
   38   573
   40   574
   41   576
   42   577
   46   578
   38   580
   40   581
   42   583
   39   584
   43   586
   44   587
   41   589
   40   590
   41   592
   36   594
   42   595
   39   597
   43   598
   46   600
   28   602
   34   604
   45   606
   44   607
   43   608
   47   610
   48   611
   49   612
   46   614
   48   615
   46   616
   47   618
   46   619
   44   621
   47   622
   47   623
   49   625
   48   626
   44   628
   46   629
   48   631
   49   632
   44   634
   47   635
   47   636
   49   638
   48   639
   46   641
   45   642
   25   645
   50   646
   54   648
   48   649
   46   650
   47   652
   46   653
   52   654
   39   656
   49   658
   48   659
   50   660
   48   662
   44   663
   49   664
   43   666
   48   667
   37   669
   43   670
   42   672
   39   673
   38   675
   42   676
   40   678
   44   679
   46   681
   42   682
   42   683
   38   685
   44   687
   41   688
   39   690
   44   691
   43   693
   43   695
   42   696
   43   698
   39   699
   43   701
   41   703
   45   704
   38   706
   42   707
   43   709
   45   710
   43   712
   26   714
   37   716
   33   718
   40   719
   37   721
   38   722
   41   724
   38   726
   40   727
   41   729
   37   731
   37   732
   39   734
   38   736
   39   737
   37   739
   27   741
   24   744
   35   745
   31   747
   35   749
   34   750
   35   752
   35   753
   37   755
   36   757
   31   758
   33   760
   35   761
   32   763
   29   765
   30   766
   30   768
   31   769
   32   771
   31   773
   29   774
   27   776
   30   777
   28   779
   28   780
   32   782
   29   783
   28   785
   28   787
   30   788
   28   790
   29   791
   28   793
   26   795
   29   796
   29   798
   26   799
   23   801
   20   803
   21   805
   25   807
   24   808
   24   810
   27   812
   18   814
   27   816
   30   817
   31   819
   30   821
   29   822
   28   824
   29   826
   28   827
   27   829
   25   830
   24   832
   22   834
   21   836
   23   838
   22   839
   23   841
   21   843
   23   845
   25   847
   21   848
   23   850
   20   852
   24   854
   22   856
   24   858
   25   859
   25   861
   23   863
   24   865
   22   867
   24   868
   21   870
   21   872
   21   874
   23   875
   21   877
   21   879
   18   881
   22   883
   19   885
   21   887
   22   889
   22   891
   21   892
   22   894
   20   896
   20   898
   20   900
   22   902
   21   903
   21   905
   21   907
   22   909
   24   911
   22   913
   22   915
   21   917
   20   919
   21   921
   22   922
   21   924
   21   926
   18   928
   14   930
   17   932
   19   934
   20   936
   20   938
   15   941
   16   944
   18   946
   21   948
   14   949
   17   953
   22   955
   25   956
   23   958
   26   960
   27   962
   27   964
   28   965
   29   967
   25   969
   23   971
   17   972
   18   974
   17   976
   15   978
   15   980
   17   982
   17   984
   16   986
   21   988
   25   990
   24   992
   26   994
   18   996
   25   998
   25  1000
   18  1002
   25  1003
   22  1005
   22  1007
   22  1008
   23  1010
   21  1012
   23  1013
   21  1015
   23  1017
   22  1018
   20  1020
   18  1022
   19  1024
   20  1026
   19  1027
   20  1029
   18  1031
   20  1032
   21  1034
   20  1036
   21  1038
   23  1039
   25  1041
   22  1042
   24  1044
   24  1046
   26  1048
   25  1049
   25  1051
   24  1052
   26  1054
   23  1055
   21  1057
   19  1059
   21  1061
   20  1062
   16  1064
   15  1066
   13  1068
   14  1070
   15  1072
   16  1074
   16  1076
   15  1078
   19  1080
   21  1081
   24  1083
   25  1085
   26  1087
   26  1088
   26  1090
   28  1092
   25  1093
   28  1095
   23  1097
   22  1099
   17  1101
   16  1103
   15  1105
   16  1107
   16  1109
   15  1112
   14  1114
   15  1116
   16  1118
   18  1120
   19  1121
   22  1123
   20  1125
   22  1127
   25  1129
   20  1131
