    7     3
    8     6
    9     8
   10    11
   10    13
   11    16
    6    19
    9    22
   11    24
   11    27
   11    30
   10    32
   11    35
    9    38
    9    43
   11    47
   10    49
   12    52
   11    56
   10    58
   10    61
   10    64
   10    67
    9    69
    9    72
    8    76
    8    79
    9    81
   10    84
    8    86
    8    88
   10    90
   12    93
   11    95
   10    98
   11   101
   11   104
   11   106
   11   109
   12   112
   12   116
    9   118
   10   121
   10   124
   11   126
   10   128
   11   131
   11   133
   12   135
   13   137
   13   139
   14   141
   11   143
   14   145
   15   147
   15   150
   15   153
   13   156
    9   158
   15   161
   18   163
   18   165
   18   167
   18   170
   16   172
   17   174
   16   176
   14   179
   16   181
   16   183
   17   185
   14   189
   14   192
   10   195
   17   198
   17   200
   17   203
   19   205
   18   208
   19   212
   17   214
   18   216
   16   218
   16   220
   17   222
   17   225
   15   227
   16   229
   17   232
   18   234
   18   237
   17   239
   19   241
   17   243
   19   245
   19   248
   18   250
   14   253
   18   255
   17   257
   17   260
   19   262
   19   265
   19   267
   20   269
   19   271
   19   273
   20   276
   19   278
   20   280
   20   282
   19   285
   19   287
   20   289
   20   291
   19   293
   20   295
   15   298
   21   301
   21   303
   20   305
   19   307
   18   309
   13   311
   20   314
   20   316
   20   318
   19   321
   18   323
   19   326
   20   328
   21   330
   20   332
   20   335
   20   337
   20   339
   21   342
   19   344
   19   347
   19   349
   19   352
   20   353
   21   356
   19   358
   16   362
   21   364
   22   367
   21   369
   19   372
   21   374
   22   376
   22   379
   22   381
   21   384
   22   386
   22   388
   22   390
   22   393
   21   395
   21   398
   22   400
   20   402
   21   406
   19   408
   20   410
   21   412
   21   414
   20   416
   20   418
   19   421
   19   423
   20   425
   20   427
   21   429
   22   431
   22   433
   19   436
   19   438
   23   439
   25   441
   28   442
   19   445
   24   447
   25   449
   24   451
   24   453
   24   455
   25   457
   24   459
   25   461
   24   463
   24   465
   25   467
   26   469
   22   472
   21   474
   25   476
   24   478
   25   480
   26   482
   25   485
   25   487
   25   489
   25   491
   25   493
   26   495
   25   497
   26   499
   26   501
   27   502
   25   504
   26   506
   18   508
   27   510
   27   512
   28   514
   26   516
   27   518
   27   520
   26   522
   27   524
   26   526
   25   528
   26   530
   19   532
   29   534
   28   536
   28   538
   27   540
   26   542
   27   544
   25   546
   27   548
   18   549
   27   551
   28   553
   19   556
   28   558
   29   560
   33   561
   30   563
   28   565
   15   567
   27   570
   30   572
   30   574
   29   576
   30   578
   30   580
   30   581
   31   583
   29   585
   31   587
   30   589
   30   591
   31   593
   31   595
   31   597
   31   599
   31   601
   30   603
   31   605
   31   607
   31   609
   29   611
   31   613
   31   614
   30   616
   30   618
   31   620
   33   622
   34   623
   32   625
   32   627
   26   630
   29   632
   31   634
   31   635
   29   637
   30   639
   32   641
   33   643
   33   645
   35   646
   33   648
   33   650
   34   651
   35   653
   34   655
   34   656
   33   658
   34   660
   34   661
   34   663
   33   665
   34   667
   35   668
   34   670
   36   671
   34   673
   35   675
   35   676
   36   678
   26   681
   34   683
   36   684
   37   686
   36   687
   35   689
   34   691
   34   693
   37   695
   36   696
   36   698
   35   700
   38   701
   37   703
   36   705
   35   707
   37   708
   38   710
   36   711
   37   713
   35   715
   37   717
   37   718
   37   720
   34   722
   35   723
   36   725
   39   727
   26   729
   35   731
   33   733
   38   734
   39   736
   40   738
   38   739
   39   741
   37   743
   38   745
   40   746
   41   748
   39   750
   40   751
   39   753
   36   754
   29   756
   30   757
   29   760
   29   763
   43   764
   40   766
   41   767
   43   769
   44   770
   42   772
   43   773
   41   775
   42   776
   43   778
   45   779
   43   780
   35   782
   41   784
   38   786
   43   787
   45   788
   42   790
   43   791
   43   793
   42   794
   42   796
   41   797
   42   799
   43   800
   43   802
   44   803
   43   805
   44   806
   44   808
   46   809
   46   810
   43   812
   49   813
   47   814
   46   816
   46   817
   43   819
   42   821
   30   822
   37   824
   39   826
   43   828
   44   829
   42   831
   47   832
   43   834
   43   835
   45   837
   37   838
   44   839
   38   841
   47   842
   49   843
   44   845
   46   846
   49   848
   45   849
   46   850
   47   852
   47   853
   46   855
   47   856
   37   858
   46   860
   44   861
   45   863
   46   864
   47   866
   46   868
   47   869
   47   870
   35   872
   45   874
   44   875
   51   876
   50   878
   51   879
   48   881
   44   882
   43   884
   43   885
   48   886
   43   888
   44   889
   47   890
   50   891
   48   893
   49   894
   47   895
   44   897
   40   898
   32   900
   32   902
   40   904
   38   906
   42   908
   41   909
   44   911
   40   913
   42   915
   37   916
   40   918
   41   920
   41   922
   40   924
   40   926
   39   927
   38   929
   31   932
   40   933
   41   935
   39   937
   39   939
   35   941
   39   943
   30   945
   40   947
   39   949
   38   951
   39   953
   38   955
   38   957
   37   959
   38   961
   37   963
   37   965
   29   967
   38   969
   42   970
   36   972
   37   974
   30   977
   35   979
   38   981
   39   983
   37   985
   39   987
   39   988
   40   990
   39   992
   37   994
   40   996
   39   997
   38   999
   28  1001
   39  1003
   38  1005
   38  1007
   38  1009
   36  1011
   37  1013
   37  1015
   37  1017
   36  1019
   36  1021
   36  1022
   36  1024
   36  1026
   36  1028
   36  1030
   38  1032
   37  1034
   23  1036
   35  1038
   36  1040
   35  1042
   34  1044
   35  1046
   36  1048
   34  1050
   35  1052
   36  1054
   34  1056
   35  1058
   36  1060
   34  1062
   34  1064
   33  1066
   35  1068
   34  1070
   32  1071
   35  1073
   33  1075
   33  1077
   32  1079
   34  1081
   33  1083
   32  1085
   31  1087
   33  1089
   33  1091
   34  1093
   35  1095
   35  1097
   34  1099
   34  1101
   33  1103
   32  1105
   30  1107
   31  1109
   30  1111
   32  1113
   31  1115
   31  1117
   32  1119
   32  1121
   29  1123
   31  1126
   31  1128
   30  1130
   29  1132
   29  1134
   30  1136
   30  1139
   29  1141
   29  1143
   31  1145
   31  1147
   29  1149
   30  1151
   29  1153
   31  1155
   32  1157
   30  1159
   31  1161
   31  1163
   31  1165
   30  1167
   31  1168
   32  1170
   31  1172
   21  1174
   28  1176
   27  1178
   22  1180
   23  1182
   22  1184
   23  1186
   30  1188
   34  1190
   25  1192
   33  1194
   26  1195
   40  1196
   24  1198
   34  1200
   34  1202
   31  1204
   30  1206
   22  1209
   30  1211
   31  1213
   30  1215
