   11     2
    3     7
   17     8
   16    10
   18    12
   13    14
    7    16
    2    26
    3    33
    3    36
    1    43
    2    46
    2    54
    2    60
    7    63
    5    66
   10    67
   14    70
   11    73
   17    75
   25    78
   13    79
    9    82
    4    85
    4    87
   11    90
    9    93
   12    96
   21    97
   21    99
   11   101
   18   102
   22   104
   18   106
   19   107
   15   109
   15   110
    3   112
    3   116
   11   118
    5   120
    7   123
    6   125
    3   130
    6   134
    5   137
    6   140
   12   143
   15   145
   16   147
   33   150
   32   152
   29   153
   28   155
   18   156
   20   158
   17   159
   19   161
   17   163
   15   164
   14   166
   12   168
   13   170
   10   172
   12   173
   12   175
   14   177
   12   179
   18   181
   18   182
   14   184
    6   187
    9   189
   35   191
   25   193
   21   194
   19   195
   14   197
   13   199
   13   200
   16   202
   21   203
   20   205
   22   206
   29   209
   26   210
   25   212
   19   213
   24   215
   16   216
   20   218
   18   219
   14   220
   13   222
   14   223
   14   225
    9   227
   11   229
   12   231
    3   233
   15   236
   16   238
   20   239
   19   241
   14   243
   31   246
   18   247
   17   249
   17   250
   12   251
   11   252
   17   255
   16   256
   15   257
   16   259
   15   260
   17   262
   15   264
   16   265
   17   267
   14   269
    8   271
   19   273
   20   275
   17   277
   24   278
   27   280
   25   281
   17   283
   23   285
   21   287
   27   290
   30   291
   25   293
   23   294
   16   296
   17   298
   20   299
   20   301
   18   302
   17   304
   35   306
   25   307
    9   308
    8   310
   19   314
   19   316
   18   317
   14   319
   20   321
   22   323
    7   325
   16   327
   19   329
   21   331
   23   332
   20   334
   25   336
   23   339
   13   341
   17   343
   17   345
   19   347
   15   349
   17   351
   13   353
   16   355
   20   357
   22   359
   21   360
   16   362
   19   363
   18   365
   17   367
   27   370
    6   373
    4   375
   14   378
   17   380
   25   382
   25   384
   38   386
   33   388
   29   389
   25   391
   27   392
   29   394
   26   395
   26   397
   23   399
   21   400
   29   403
   29   404
   23   406
   23   407
   23   409
   29   410
   24   412
   21   413
   26   415
   23   416
   27   418
   22   419
   15   422
   25   423
   20   425
   19   427
   16   429
   23   431
   21   432
   19   434
   21   436
   22   438
   31   439
   23   440
   19   442
    8   443
   28   446
   15   448
   22   451
   29   453
   11   454
   29   456
   34   458
   29   460
   27   461
   35   464
   33   465
   26   467
   30   468
   27   470
   30   471
   27   473
   24   474
   26   476
   32   478
   30   480
   29   481
   28   483
   30   484
   26   485
   29   487
    9   488
   17   492
   33   494
   33   495
   38   497
   38   499
   34   500
   31   501
   25   503
   35   504
   29   506
   29   507
   13   509
   31   510
   26   512
   35   514
   24   516
   22   517
   20   519
   22   520
   25   522
   25   524
   23   526
   28   527
   27   528
   31   530
   24   532
   29   535
   23   537
   25   538
   32   539
   20   541
   14   543
   33   544
   30   546
   31   547
   35   548
   36   549
   19   552
   32   554
   37   556
   39   557
   32   558
   31   559
   30   561
   23   562
   35   564
   37   565
   36   567
   36   569
   32   570
   16   572
   38   573
   29   574
   37   576
   35   577
   39   578
   38   579
   43   581
   34   583
    7   584
   29   586
   36   587
   36   589
   36   590
   37   591
   45   593
   38   594
   36   595
   12   596
   42   598
   48   600
   41   601
   42   602
   38   603
   30   605
   43   606
   37   607
   43   608
   37   609
   40   610
   23   612
   28   615
   42   616
   50   618
   43   619
   43   620
   44   621
   42   622
   32   625
   44   626
   42   627
   38   628
   40   630
   39   631
   41   632
   37   633
   44   635
   42   636
   40   637
   42   638
   42   639
   32   641
   46   642
   48   643
   43   644
   48   646
   41   647
   44   648
    7   650
   35   651
   48   653
   42   654
   40   655
   44   656
   45   657
   47   659
   50   660
   51   661
   44   662
   46   663
   47   665
   46   666
   51   667
   50   668
   44   669
   44   671
   11   672
   50   674
   48   675
   53   677
   50   678
   54   679
   57   680
   49   682
   54   683
   48   684
   50   685
   55   686
   40   689
   39   690
   47   691
   47   692
   47   693
   51   694
   49   695
   46   696
   54   697
   54   699
   50   700
   49   701
   49   702
   48   703
   34   704
   65   705
   44   707
   56   708
   54   709
   54   710
   55   711
   56   712
   28   713
   57   715
   55   716
   30   718
   51   719
   63   720
   57   722
   58   723
   61   724
   55   724
   60   726
   60   727
   64   728
   49   729
   21   731
   59   732
   63   733
   58   734
   59   735
   52   736
   60   737
   71   738
   62   739
   64   740
   57   741
   56   742
   56   743
   60   744
   52   745
   58   746
   53   747
   56   748
   28   750
   65   751
   64   751
   31   752
   66   754
   66   755
   58   755
   60   756
   69   757
   62   758
   59   759
   63   760
   61   761
   59   762
   60   764
   64   765
   61   766
   65   767
   56   768
   59   769
   67   770
   62   771
   65   772
   56   773
   58   773
   61   774
   63   775
   59   777
   63   778
   65   779
   67   780
   64   781
   58   782
   64   782
   62   783
   60   785
   62   786
   66   787
   58   788
   58   789
   51   790
   44   791
   47   792
   58   794
   50   795
   41   796
   56   797
   35   800
   52   801
   62   802
   57   803
   57   804
   55   805
   40   807
   54   808
   56   809
   59   811
   45   812
   59   813
   52   814
   31   815
   44   817
   52   818
   44   819
   56   820
   51   821
   47   822
   37   824
   12   826
   53   828
   46   829
   47   830
   43   831
   47   832
   49   834
   45   835
   48   836
   47   837
   45   838
   46   839
   42   841
   46   842
   43   843
   42   844
   43   846
   42   847
   44   848
   45   849
   40   851
   42   852
   41   853
   38   855
   39   856
   28   857
   33   859
   38   860
   44   861
   43   862
   41   864
   36   865
   36   866
   34   867
   41   869
   40   870
   35   871
   39   872
   35   874
   36   875
   35   876
   36   878
   37   879
   31   880
   35   882
   35   883
   33   884
   37   885
   33   887
   36   888
   37   889
   36   890
   34   891
   36   893
   34   894
   31   895
   33   896
   35   898
   32   899
   37   900
   35   901
   24   903
   11   904
   37   906
   37   907
   37   908
   36   910
   37   911
   34   912
   32   914
   36   915
   37   916
   35   917
   37   918
   36   919
   34   921
   37   922
   40   923
   36   924
   38   925
   28   926
   34   928
   28   929
   26   930
   37   931
   41   933
   34   934
   36   935
   33   937
   34   939
   28   941
   33   942
   31   943
   30   944
   33   946
   35   947
   32   948
   34   950
   36   951
   37   952
   40   954
   36   955
   35   956
   32   958
   39   959
   44   960
   39   961
   38   963
   34   964
   36   965
   33   967
   37   968
   33   969
   34   971
   31   972
   35   974
   36   975
   33   976
   34   978
   32   979
   35   980
   35   982
   35   983
   34   984
   40   985
   37   986
   34   987
   32   989
   36   990
   32   991
   31   993
   32   994
   33   995
   35   996
   33   997
   36   999
   31  1000
   24  1001
    6  1003
   12  1006
   29  1008
   32  1009
   36  1010
   35  1012
   33  1013
   38  1016
   32  1017
   34  1018
   33  1020
   33  1021
   31  1022
   32  1024
   29  1025
   32  1026
   33  1028
   32  1029
   32  1031
    6  1032
   15  1035
   34  1036
   35  1038
   35  1039
   35  1040
   33  1042
   32  1043
   35  1044
   32  1046
   34  1047
   30  1049
   30  1050
   32  1052
   28  1053
   30  1054
   27  1056
   28  1057
   24  1059
   31  1060
   34  1062
   34  1063
   30  1065
   25  1066
   30  1067
   30  1069
   31  1070
   13  1072
   18  1074
   30  1076
   30  1077
   32  1079
   33  1080
   30  1082
   31  1083
   32  1085
   34  1086
   29  1088
   31  1089
   20  1091
   35  1092
   33  1095
   18  1096
   28  1097
   27  1099
   27  1100
   30  1102
   28  1104
   24  1106
   31  1108
   43  1109
