    8     4
    9     9
   11    13
   12    16
   10    20
    9    25
    9    28
    9    32
    9    36
    9    41
    8    45
    9    49
    8    53
    8    57
    9    61
   10    65
    9    69
    9    73
    9    77
   10    81
    8    85
    9    89
   15    93
    9    97
    7   101
    7   106
    8   110
    7   115
    8   119
   11   123
   13   126
   15   130
   17   132
   11   135
   13   138
   13   141
   12   145
   12   148
   11   152
   12   155
   12   159
   15   162
   15   165
   15   168
   13   172
   15   175
   14   179
   15   182
   11   187
   14   191
   16   194
   16   197
   15   200
   16   204
   14   207
   13   211
   12   214
   14   218
   15   221
   14   224
   14   228
   12   232
   16   235
   18   238
   18   241
   17   244
   14   248
   15   251
   15   255
   15   258
   14   261
   15   264
   14   268
   14   271
   14   275
   14   278
   14   281
   17   284
   18   287
   13   291
   13   295
   12   298
   14   301
   15   304
   14   308
   14   311
   16   315
   19   318
   18   321
   17   324
   16   328
   15   331
   14   334
   15   337
   17   340
   16   344
   14   347
   15   350
   15   354
   14   357
   18   360
   19   363
   18   366
   20   369
   17   372
   19   375
   19   378
   17   382
   16   385
   14   389
   15   393
   21   396
   20   400
   19   402
   21   405
   19   408
   19   412
   16   416
   19   419
   18   422
   18   425
   18   427
   17   430
   19   433
   17   436
   17   439
   19   442
   20   445
   19   448
   20   451
   21   454
   19   458
   21   460
   21   463
   20   467
   21   470
   22   473
   22   475
   24   478
   23   481
   23   484
   24   486
   26   488
   21   491
   22   494
   23   497
   22   500
   24   503
   25   505
   23   508
   23   511
   23   514
   24   517
   22   520
   23   523
   25   525
   26   528
   25   531
   25   534
   26   536
   26   539
   27   541
   28   544
   26   547
   25   549
   30   552
   25   554
   30   556
   30   558
   26   561
   28   563
   28   566
   28   568
   27   571
   27   573
   27   575
   30   578
   28   580
   26   583
   28   585
   29   588
   28   590
   31   593
   30   595
   29   597
   30   600
   29   602
   29   605
   25   607
   32   609
   30   611
   27   614
   31   616
   29   618
   28   621
   28   623
   31   625
   30   628
   31   630
   34   632
   32   634
   30   637
   35   639
   30   641
   30   643
   35   645
   32   648
   36   649
   34   651
   36   653
   34   656
   37   657
   34   660
   34   662
   33   664
   30   667
   32   669
   35   671
   34   674
   34   676
   37   678
   34   680
   36   682
   30   685
   34   687
   34   689
   31   692
   32   694
   33   696
   33   698
   31   701
   28   703
   30   705
   30   708
   30   710
   25   713
   24   716
   26   719
   35   720
   25   723
   28   726
   27   729
   23   732
   23   735
   24   738
   25   740
   24   743
   25   745
   20   749
   17   752
   25   755
   23   757
   24   760
   23   762
   20   765
   22   767
   24   770
   19   773
   21   775
   20   778
   21   781
   22   784
   19   787
   23   789
   27   792
   24   794
   19   797
   16   800
   18   803
   17   806
   17   809
   19   812
   22   815
   18   818
   19   820
   18   823
   19   826
   20   829
   17   832
   20   835
   19   838
   20   841
   21   844
   16   847
   16   850
   15   854
   13   857
   14   860
   18   863
   17   866
   19   868
   21   871
   18   874
   15   877
   12   881
   11   885
   20   889
   15   892
   16   894
   17   897
   15   900
   14   904
   15   907
   13   910
   14   913
   15   916
   16   919
   14   922
   14   925
   15   928
   15   932
   13   935
   12   938
   16   941
   16   944
   13   948
   14   951
   14   954
   15   957
   10   960
   20   964
   14   967
   11   971
   12   975
   18   979
   13   982
